1364 195
1364 810
1364 532
1364 1938
1364 653
1364 1592
1364 1325
1364 836
1364 608
1364 368
1364 472
1364 1137
1364 2214
1364 2640
1364 2751
1364 2484
1364 2626
1364 970
1364 332
1364 2801
1364 333
1364 2899
1364 33
1364 185
688 2241
688 697
688 785
688 2660
688 332
688 2325
688 2745
688 2128
688 904
688 506
688 1182
1956 1334
1730 2626
2171 33
2131 195
39 864
39 1314
39 1505
39 2663
39 641
39 1839
2183 2902
2183 1831
1017 225
1017 529
1017 533
1017 175
1017 1862
1017 52
1017 730
1017 1884
1017 351
1017 555
1017 2244
1017 1776
1017 2805
1017 290
1017 522
1017 2335
1017 138
1017 167
1017 34
1017 1189
1017 363
1017 1443
1017 1423
1017 863
1017 1337
1017 2999
1017 1704
1017 216
1017 470
195 1315
195 2386
2448 2797
2448 1681
2872 2783
1827 2486
1827 1240
1827 1443
1263 1722
1263 1445
1263 2940
1263 1741
2296 2360
2093 1315
2093 3050
2093 2404
2093 2439
2093 318
2093 1772
2093 826
2093 2616
2093 2675
2093 2309
2093 1310
926 2056
926 12
926 627
926 2044
554 2272
554 779
554 1839
1943 1788
1943 1239
1943 2749
1943 30
1943 2817
1943 1168
1943 475
1943 814
1943 891
1943 1065
1943 35
1943 1593
1943 121
1943 1379
1943 2993
1943 2006
1943 1316
1943 2494
1943 413
1943 994
1943 1411
1943 2529
1943 1703
1943 123
1943 2127
1943 941
1943 1860
1943 407
1943 2946
1943 2546
1943 2888
1943 2095
1943 2403
1943 637
1943 1167
1943 837
1943 2688
1943 2135
1943 1580
1943 2901
1943 2344
710 1059
710 2774
710 1246
710 2743
710 560
710 984
710 1294
710 2075
710 309
710 193
710 2257
710 243
710 382
710 900
710 2940
710 491
710 1630
710 1254
710 574
710 2322
710 358
1274 2137
1274 500
1274 2991
1251 1798
1251 850
384 1620
1514 2623
1514 361
1650 453
1650 1228
1650 2250
980 2682
980 120
980 2727
980 374
148 408
148 2680
148 1713
148 38
148 2712
148 1439
148 1257
148 389
148 266
148 3046
148 2836
148 365
148 1410
148 3044
148 2973
148 1925
148 1234
148 1562
148 1735
148 2201
148 604
148 319
148 2923
148 2655
148 2594
148 1954
148 471
148 1985
148 2139
148 2388
148 867
148 41
148 1839
148 2419
148 2372
148 737
148 1113
148 1207
148 628
148 2015
148 406
148 1881
148 1973
148 1301
148 837
148 345
148 1643
148 2510
148 519
148 2443
148 2823
2349 386
2349 2708
2349 1501
2349 2718
2349 2206
2349 2060
2349 1779
2349 1856
210 1956
210 1876
210 1923
210 1363
210 2670
210 93
210 2731
210 1146
210 2158
210 434
210 2622
210 2331
210 897
210 2297
210 2882
210 2434
210 2307
210 823
210 2050
210 2236
210 1589
210 2527
210 722
210 1007
210 1426
210 1665
210 1670
210 1154
210 1529
210 2898
210 556
210 856
210 1262
210 288
210 1471
2832 34
430 2156
430 634
430 318
2974 2106
991 1857
991 1543
991 2939
533 2274
533 17
533 2386
533 2962
533 2126
533 2228
533 1742
533 1090
533 349
533 344
533 2165
533 949
82 699
2603 1930
2603 2586
2603 1115
1021 1517
1021 2927
1021 763
2357 461
2357 1214
2357 1519
53 348
53 1516
53 146
53 280
2032 605
2668 2661
2668 1195
2668 1844
2668 2184
2668 2828
2668 549
2668 1838
2668 489
2668 1809
2668 1740
2668 322
2668 2895
2668 1448
2668 332
2668 502
2668 2391
2668 1579
2668 361
2668 324
2668 2562
2668 2559
2668 2806
2668 1664
2668 293
1319 2818
463 2668
1647 1325
1647 3039
1647 1697
1647 549
1647 1809
1647 444
1647 2103
1647 2022
1647 781
1647 442
1647 1147
1647 663
1647 1161
1647 1997
1647 2465
1647 2814
1637 1820
1637 792
1637 49
1637 1620
1637 2542
1637 609
1637 23
1637 963
1637 2949
1637 1541
1325 1137
1325 2386
1325 185
1325 1687
2456 2041
2456 2642
2456 2619
2456 12
2456 1451
2456 2258
2456 2111
2456 1773
2456 742
2456 1699
2456 2026
2456 1803
2456 1725
2456 2058
2456 1982
2456 1717
2456 3010
2456 2479
2456 2678
2456 1625
2456 916
2456 487
2456 905
2961 2974
2961 368
2961 1942
2961 1217
2961 2270
2961 1312
2961 944
2961 2088
2961 2275
1571 709
1876 1627
1876 2801
1069 2661
1069 1213
1069 698
1069 2347
1069 126
1069 783
1069 646
1069 1321
1069 33
1069 185
1069 2477
1069 2099
1069 2378
1069 2789
2839 2587
2839 1620
1302 1235
1352 662
1352 1422
1352 2245
1352 2021
1352 2710
1352 1895
1352 1092
1352 81
1352 1853
1352 852
1352 423
1352 2570
1352 401
1352 660
1352 2119
1459 1401
1068 1137
1068 41
1503 1419
1503 327
1503 1960
1429 2551
1429 1640
1429 2920
1429 2324
1429 318
175 1869
175 2263
913 2612
421 698
421 2360
2210 2796
2210 614
2210 2401
2210 1122
2210 2269
2210 170
329 1069
1421 1760
1421 2801
1905 2302
1905 85
1905 727
1905 165
1905 1401
1905 807
1905 1197
1905 1760
1905 2386
1905 2670
1905 332
1905 2414
792 156
792 910
792 1566
792 442
792 2857
1031 2974
1031 1302
1031 1612
1031 1064
1031 2519
1031 277
1031 2581
1031 521
1031 2150
1031 168
1031 2653
1031 2360
2584 1935
1913 86
1913 2213
634 1263
634 2852
1993 2289
1993 1070
1993 1347
1993 440
1993 1493
2021 255
2021 849
2021 1645
2021 278
2021 1436
2021 1458
2021 2330
2021 1712
2021 2867
2785 94
2785 489
1288 1936
1288 4
2045 153
2045 489
2045 185
2045 2358
761 2302
761 605
761 1767
761 1064
761 1501
761 1620
761 1702
761 2444
761 2074
761 18
761 830
761 725
761 2003
761 832
761 383
761 1081
761 1062
761 1635
761 1290
761 1751
761 885
761 1138
761 1521
761 2624
2938 2886
2289 1510
747 1930
747 753
747 2263
747 2223
747 410
747 706
122 82
122 2260
7 2212
7 1670
2796 897
2796 2898
712 1930
712 563
712 2998
712 2164
712 2873
698 526
698 116
698 605
698 822
698 871
698 2129
698 2761
698 2255
2303 1876
2384 699
1770 499
1770 1361
1770 1401
1770 932
1770 2289
1770 2215
1770 2298
1770 974
1770 570
1770 2885
1770 1395
1770 2445
1770 2331
1770 1220
1770 732
1770 2727
1770 1427
1770 2980
1770 450
1770 302
1770 896
1770 2470
1770 619
1770 2489
1187 2971
937 2494
961 857
961 2979
961 89
961 684
961 1094
961 700
961 576
961 1081
961 2763
961 249
219 1137
438 428
1103 146
1103 332
1103 1655
1071 2767
1071 1636
1071 2771
1760 2349
1760 854
1760 1541
115 2832
115 814
115 292
115 33
150 2156
150 1089
150 1311
150 1435
1089 1421
1089 1365
1089 2626
2386 195
2386 314
2386 1069
2386 1612
2386 1501
2386 438
2386 814
2386 1025
2386 77
2386 1560
2386 2751
2386 2962
2386 1066
2386 699
2386 2670
2386 1859
2386 340
2386 2676
2386 95
2386 571
2386 2745
2386 1185
2386 1129
2386 1731
2386 1438
2386 48
2386 2360
2386 33
2386 2787
774 273
774 159
774 357
774 795
774 2962
774 582
774 641
774 242
774 666
774 2778
774 1236
774 2360
774 1333
774 2929
774 695
774 2113
965 2962
965 1311
965 332
1105 2061
348 1391
1515 132
1515 1906
1515 271
357 210
2336 573
1522 1447
1522 1575
1522 1449
1522 989
1522 1282
1522 811
2005 1840
1025 2359
1025 540
1025 2360
551 2305
551 2670
551 169
551 481
551 2307
551 1898
551 48
551 572
551 1653
551 185
551 313
551 2432
551 636
551 391
551 1979
551 2838
161 864
161 2050
2256 1784
2256 2769
2256 1963
2256 2922
2256 596
2256 1557
2256 1760
2256 1105
2256 2449
2256 182
2256 834
2256 179
2256 2628
2256 1365
2256 2020
2256 1620
2256 1479
2256 1451
2256 1398
2256 1958
2256 643
2256 1123
2256 2258
2256 2304
2256 2706
2256 2234
2256 861
2256 782
2256 3029
2256 829
2256 816
2256 2185
2256 639
2256 2644
2256 1790
2256 1624
2256 2593
2256 2262
2256 1945
2256 1759
2256 989
2256 2625
2256 1148
2256 105
2256 1631
2256 397
2256 22
2256 2970
2256 2969
2256 1170
2256 2820
2256 1711
2256 425
2256 2392
2256 2498
2256 1244
80 2148
80 197
80 33
1875 1556
925 1321
925 1959
2760 1005
2760 153
2760 489
2760 211
2760 1701
2760 361
2760 1977
2760 2205
2760 997
1688 33
1920 2842
1920 835
1920 1771
1920 280
2652 2050
2621 835
2621 2524
2621 1250
2621 678
2621 313
2621 143
933 1096
933 2648
933 1466
933 2215
933 1760
933 1137
933 1477
933 215
933 1809
933 2895
933 2658
933 2683
933 2243
933 767
933 254
933 18
933 1090
933 242
933 19
933 2440
933 2471
933 2415
933 2834
933 758
933 48
933 41
933 1839
933 2949
933 280
933 2808
933 2929
933 40
2369 12
2369 97
2369 2773
2369 2711
2369 1241
2369 1225
2369 2794
1604 1501
1604 310
1604 1090
1604 33
1604 1641
1604 327
1818 3009
1818 2416
795 2528
1930 1606
1930 1574
1930 1308
1930 2948
1930 755
1930 2396
1930 1543
1930 1296
1930 701
1930 1738
1930 1497
1930 1264
1930 766
1930 527
1930 557
1930 9
1930 2698
1930 2339
1930 180
2886 1237
2886 2843
2886 2010
2989 790
2989 1848
1391 2114
89 2671
89 1921
2634 33
2634 374
1132 44
12 454
12 1830
12 578
2864 1299
381 913
909 308
909 460
1394 2974
2532 1541
1885 2301
1885 277
1885 1022
1811 520
1811 451
1811 2147
1811 1995
1811 2062
1811 605
1811 2709
1811 175
1811 1596
1811 2030
1811 2795
1811 1930
1811 2819
1811 394
1811 2576
1811 3024
1811 1903
1811 785
1811 2862
1811 208
1811 3041
1811 1458
1811 2314
1811 946
1811 2106
1811 2240
1811 2592
1811 332
1811 2110
1811 366
1811 2182
1811 2483
1811 2371
1811 955
1811 1388
1811 3031
1811 2325
1811 734
1811 2071
1811 2038
1811 2577
1811 914
1811 2543
1811 1978
1811 1540
1811 128
1811 2365
1811 1151
1811 1162
1811 2821
1811 361
1811 1977
1811 1499
1811 904
1811 183
1811 527
1811 2130
1811 2225
1811 1049
1811 2116
1811 190
1811 2308
1811 1139
1811 26
1811 2820
1811 98
1811 1700
1811 2950
1811 142
1811 620
1811 3034
1811 1680
1811 2604
1811 2599
1811 660
1811 3036
1811 2025
1811 1216
1811 359
1811 69
1811 2474
1811 2339
1811 2412
1811 1283
1811 2481
1811 2555
1811 178
1811 1485
1811 999
1811 2991
1811 1464
1811 2870
439 946
1063 1627
1063 2537
1063 2205
2283 2930
2283 130
2283 336
2283 1474
2283 2480
2283 2108
2283 553
2283 1768
1477 1250
1477 33
1477 2980
256 2797
256 2097
256 461
256 2757
256 2850
256 2222
256 1798
256 1612
256 1211
256 1415
256 10
256 1311
256 3024
256 1365
256 1015
256 146
256 330
256 1164
256 1090
256 2565
256 1483
256 155
256 1438
256 2462
256 2436
256 2360
256 600
394 1732
394 2366
394 2483
394 2772
394 341
394 1900
724 362
724 1325
724 1401
724 1787
724 20
724 115
724 1694
724 1128
724 964
724 988
724 1821
724 1390
724 1621
724 1427
724 2360
724 33
724 1254
724 2063
724 1169
724 690
724 2394
724 1490
724 2738
179 2736
775 605
775 1905
775 253
775 1285
775 853
775 2670
775 1090
775 2050
775 105
119 1285
119 211
1633 1760
1166 882
1166 1370
1166 2974
1166 2605
1166 1206
1166 2356
1166 1434
1166 357
1166 2725
1166 1131
1166 624
1166 292
1166 409
1166 1867
1166 2526
1166 1765
2515 1314
2515 285
2515 842
2515 162
2515 152
2515 33
2515 1284
883 1098
883 2919
883 2953
883 2459
883 1071
883 2487
883 405
883 1848
883 1706
883 2578
883 3017
883 2051
883 1663
883 1046
883 1809
883 1056
883 1403
883 2261
883 1418
883 311
883 2895
883 2323
883 160
883 2251
883 1405
883 1739
883 2179
883 2318
883 509
883 1121
883 686
883 281
883 2329
883 2885
883 1937
883 336
883 2499
883 2281
883 996
883 2691
883 530
883 1260
883 1892
883 1616
883 721
883 893
883 1355
883 1118
883 388
883 2841
883 1512
883 595
883 2466
883 2307
883 575
883 2235
883 2216
883 373
883 2715
883 1358
883 843
883 2252
883 942
883 248
883 1149
883 456
883 1504
883 588
883 1568
883 1545
883 2149
883 1780
883 2382
883 1266
883 2681
883 220
883 2174
883 2501
883 1912
883 2866
883 2833
883 1291
883 1343
883 873
883 296
883 1341
883 417
883 1357
883 3019
883 1480
883 2637
883 581
883 244
883 1911
883 2571
883 32
883 2231
883 2333
883 1463
883 1696
883 1199
883 3045
883 1402
883 2933
883 2958
883 1556
883 1689
883 536
883 2121
883 2264
883 2521
883 764
883 65
883 990
883 599
883 1601
883 585
883 374
883 2425
883 1926
883 917
883 1349
2566 2338
805 2632
805 947
805 2407
2758 2360
684 2679
2578 2544
2578 2331
2578 1685
2578 257
2578 1471
2578 1029
2578 1897
44 1501
2737 2316
2737 1644
2737 2552
2737 2998
2737 33
2737 158
2962 1552
1693 159
1693 132
2028 1137
1841 33
1962 2356
1962 964
877 1865
877 2369
877 2194
877 2670
877 259
877 742
877 1810
877 880
877 2627
877 2086
877 2558
877 2307
877 1267
877 325
877 770
877 2637
2170 2670
2170 2
2170 934
2170 196
308 846
308 2786
308 875
308 2482
308 1844
308 1228
308 614
308 332
308 283
308 1097
308 2569
308 1438
308 298
308 3002
308 2042
308 598
1016 2572
1016 2319
1016 2381
1016 2766
1016 1714
1016 426
1016 539
1016 2549
1066 1501
1066 1307
1066 2106
1066 1438
998 2816
2112 1764
2112 2714
2112 841
2112 2046
2112 2863
2112 2478
2112 242
2112 443
2932 1930
2932 2508
2932 2145
2932 1458
2126 727
2126 1876
2126 1089
2126 179
2126 2962
2126 3024
2126 1261
2126 1163
2126 1077
2126 2120
2126 3052
2126 292
2126 2778
2126 2024
2126 172
2126 1743
2609 2316
2609 991
2609 1736
2609 948
2609 175
2609 2932
2609 1903
2609 785
2609 2263
2609 1975
2609 2200
2609 755
2609 2753
2609 2998
2609 2887
2609 766
2609 493
2609 2267
2609 2820
2609 2446
618 2106
2273 2386
1008 1686
1008 1451
1008 1909
1008 1699
918 821
918 746
918 2798
918 267
918 335
2828 2356
2828 1470
930 2868
930 932
930 2291
930 111
930 1077
930 2990
930 1303
930 33
930 2965
930 1441
1133 2593
1381 129
1381 414
1381 1807
1381 1321
1381 641
1381 33
1381 2509
1628 2747
1628 703
1628 2525
1628 1052
1628 1229
1628 2671
1628 2083
1628 2196
1628 2180
1628 1102
1628 674
1628 176
1628 1877
1628 2331
1628 272
1628 1598
1628 370
1628 267
1628 27
1628 1672
1628 760
1628 2307
1628 1800
1628 1178
1628 823
1628 1002
1628 2630
1628 1667
1628 2168
1628 1331
1628 2951
1628 2614
1628 2226
1628 969
1628 1043
1628 1615
1628 1843
1628 1203
1628 2290
1628 1010
1628 915
1628 2361
1628 417
1628 2699
1628 1670
1628 1442
1628 543
1628 1679
1628 1607
1628 541
1628 2202
1628 544
1628 1079
1628 264
1628 164
1628 1378
1628 257
1628 1638
1628 2585
1628 2190
1628 2880
1628 200
1628 2246
2503 1137
489 2952
489 2988
489 1922
489 971
489 2643
489 2205
489 2295
489 1928
2862 1024
1809 2278
1809 1494
1809 2748
1809 575
1809 45
1809 1581
1809 2637
1809 1762
1809 2632
1809 2812
938 276
1230 2724
1230 974
2534 1515
2534 2755
2461 159
2461 1760
2461 1089
2461 2138
1324 242
1626 1635
1014 1325
2955 1869
2955 2200
2955 2983
2955 2820
749 677
749 2011
75 1194
75 1965
75 673
75 1887
75 2085
75 1281
75 2451
75 1894
75 2670
75 1469
75 819
75 2502
75 2360
75 33
75 2343
75 2205
75 569
75 2346
75 1099
75 589
2350 1818
2350 1809
2350 2768
2350 1994
2350 2728
2350 1026
2350 1407
2350 206
2350 390
2350 1248
2350 648
2350 2637
2350 2017
1511 2218
1511 2992
207 992
207 2932
207 399
207 1296
207 2189
207 431
207 2820
2263 1546
2263 1760
1058 332
1058 242
1015 1818
1015 146
1015 6
1015 2360
1347 1554
617 390
617 2672
1093 2483
1093 2667
2755 1342
2755 1757
2755 2490
2755 553
63 2583
63 2887
1552 2960
1552 580
1552 2962
1552 327
1971 1293
1971 15
1971 24
1707 2183
1707 475
1707 1491
1707 2268
1707 794
1707 1988
1707 1935
1707 2233
1707 1465
1707 1101
1707 332
1707 2039
1707 2512
1707 47
1707 1919
1707 2618
1707 113
1707 1872
1707 2607
1707 2360
1707 33
1707 591
1707 1273
1707 2417
1707 280
1707 2629
1707 2211
1707 1670
1707 2641
1707 1275
1707 1397
1707 1834
1707 2942
1707 2741
1707 2804
1707 1362
2957 533
2957 2811
2957 531
2957 1304
2341 1706
1204 1319
1268 2660
1268 2927
1268 2829
1268 777
1268 354
1268 1908
1268 476
1268 1944
1268 343
1268 514
404 362
404 1175
404 3008
1305 807
1305 1197
1305 698
1305 977
1305 2563
1305 808
1305 1851
1305 209
1305 2389
1305 854
1305 327
2217 165
2217 3009
2217 17
2217 2660
2217 2280
2217 808
2188 810
1733 2156
1733 634
1733 276
1733 1501
1733 1620
1733 332
1733 333
1733 1438
1733 2966
1733 33
1733 1641
1733 2099
1406 2668
2805 1080
2805 1017
2805 1599
2805 529
2805 1528
2805 1915
2805 2603
2805 70
2805 250
2805 1313
2805 2928
2805 1967
2805 252
2805 175
2805 607
2805 1509
2805 747
2805 3005
2805 1064
2805 357
2805 2005
2805 1600
2805 67
2805 2464
2805 752
2805 847
2805 582
2805 2724
2805 1476
2805 652
2805 483
2805 1763
2805 785
2805 2825
2805 2955
2805 71
2805 2397
2805 2422
2805 2393
2805 2390
2805 2223
2805 2204
2805 2106
2805 2824
2805 1661
2805 2033
2805 2597
2805 1840
2805 1238
2805 1823
2805 410
2805 2745
2805 2847
2805 2254
2805 2391
2805 234
2805 476
2805 2054
2805 1186
2805 433
2805 3027
2805 2279
2805 289
2805 1668
2805 2998
2805 2164
2805 2360
2805 2115
2805 33
2805 2430
2805 2353
2805 2151
2805 2469
2805 2105
2805 1249
2805 2077
2805 177
2805 2835
2805 2438
2805 1778
2805 1691
2805 1523
2805 740
2805 173
2805 1475
2805 1075
2805 2915
2805 2433
2805 1648
2805 692
2805 1705
2805 612
2805 2087
2805 2476
2805 1573
2805 320
2805 1376
2805 1384
2805 3042
2805 16
2805 1542
1359 897
1359 2791
1359 2002
2902 2140
974 460
2523 2535
2523 1993
2523 596
2523 775
2523 2701
2523 2505
2523 259
2523 2035
2523 379
2523 1212
2523 2023
2523 2861
2523 2764
2523 48
2523 1849
2523 1550
2523 2098
2523 189
2523 100
2523 2002
2523 956
2523 1602
211 981
1797 1715
716 785
716 995
890 1307
890 923
890 3
890 73
890 647
890 1690
890 74
890 798
2524 44
2524 2949
1188 2670
2326 2214
1252 155
638 129
638 2163
638 925
638 2801
638 1438
2106 332
2106 2462
2106 2693
202 2801
632 596
632 1326
632 1520
632 1749
632 2336
632 786
632 2141
632 957
632 1479
632 1587
632 469
632 1634
632 528
632 1076
632 1027
632 282
632 2523
632 2500
632 2907
632 870
632 259
632 3000
632 2517
632 2158
632 1598
632 2627
632 108
632 2704
632 1899
632 657
632 1746
632 1549
632 181
632 452
632 823
632 265
632 268
632 1852
632 2108
632 1753
632 636
632 1866
632 2846
632 1375
632 920
326 974
2539 1972
2539 2506
2539 2360
2878 369
2878 1336
2878 2107
2878 270
2878 954
2824 688
2824 381
2824 844
2824 899
2824 447
157 2670
2401 1344
15 165
15 2440
1245 1541
1245 455
1245 503
301 909
301 2843
301 2152
2670 1325
2670 1935
2670 699
2670 522
2670 2801
2670 1526
2670 2537
2670 1653
2670 185
2670 2787
2694 2074
1859 2659
1859 836
1859 932
1859 1640
1859 1501
1859 1620
1859 2670
1859 935
1859 242
1859 2884
1859 746
1859 1438
1859 2360
1859 2787
1873 498
1873 135
1873 2106
1873 1143
1873 232
1873 147
2287 2871
2287 698
2287 1760
2287 3011
2287 1027
2287 1389
2287 897
2287 1159
2287 2050
2287 2408
2287 371
2287 2208
2287 2702
458 2605
458 605
458 1767
458 807
458 1501
458 153
458 2386
458 744
458 1172
458 253
458 1620
458 1285
458 2626
458 919
458 242
458 624
458 963
458 321
458 2455
2809 210
2809 1000
2623 1515
497 567
477 2670
831 1620
622 634
587 1129
629 2578
629 2840
629 8
629 1888
629 2342
629 14
629 2647
2840 1325
2840 1876
2840 2871
2840 1326
2840 424
2840 1597
2840 1451
2840 2670
2840 878
2840 465
2840 2447
2840 1551
2840 2161
2840 2196
2840 1088
2840 2354
2840 1109
2840 778
2840 1218
2840 2146
2840 2967
2840 2650
2840 462
2840 1761
2840 1842
2840 1057
2840 1001
2840 163
2840 1126
2840 1438
2840 2013
2840 221
2840 1789
2840 2187
2840 2050
2840 1142
2840 2995
2840 2976
2840 45
2840 2082
2840 297
2840 1974
2840 1258
2840 2134
2840 2893
2840 2744
2840 2159
2840 2639
2840 136
2840 848
2840 2043
2840 1472
2840 398
2840 2969
2840 2457
2840 951
2840 2637
2840 1585
2840 2788
2840 1392
2840 1802
2840 1792
2840 3049
2840 391
2840 2790
2840 1991
2840 1950
2840 2162
2840 764
2840 651
2840 2407
2840 2073
2840 1828
2840 1349
2840 2154
2840 979
2840 2169
2840 518
2840 2617
2840 29
2840 224
2840 1020
2840 1747
2840 2377
2840 1287
2840 2721
2840 247
2840 2874
2840 2453
2840 1793
1857 1100
1857 992
1857 967
132 1359
132 772
132 2558
132 194
132 1727
132 1095
2234 1243
2234 2000
1286 1770
960 786
18 2237
18 2324
18 280
2385 972
2385 899
2385 1156
2385 1054
2385 1839
2385 679
2385 2913
2385 745
2385 316
1726 481
2742 2872
2742 1583
2742 64
2742 797
2742 2926
2742 104
2742 33
2742 428
2742 1441
2742 501
2065 2360
670 2386
670 1935
715 1430
715 561
1164 280
1164 1340
1715 41
1904 2565
1061 112
1061 1211
1061 1501
1061 1760
1061 1321
1061 582
1061 2531
1061 242
1061 2778
1061 2360
1061 1526
1061 854
1061 1653
1061 723
1061 756
2518 1325
1191 210
1191 2336
1191 2670
1191 2728
1191 1719
1191 2117
1191 2040
1191 2022
1191 1374
1191 2307
1191 1907
1191 2553
1191 1455
1191 2784
1191 2672
1191 79
1191 1638
1191 1034
1191 1349
1191 2613
2635 785
2635 332
242 2670
242 1795
2483 2883
2483 903
1572 1168
1572 33
755 3032
755 2603
755 255
755 1024
755 992
755 1930
755 583
755 753
755 2609
755 2552
755 1903
755 3047
755 1308
755 2317
755 1857
755 1840
755 2483
755 1296
755 2611
755 1013
755 1226
755 2910
755 2887
755 343
755 1040
755 2122
755 2475
755 2446
755 642
755 2944
755 158
755 1657
755 106
1846 332
1846 33
1968 3022
1968 2050
1622 624
19 1087
2945 709
2945 195
2945 141
2945 2837
2945 1756
2945 1401
2945 159
2945 1760
2945 1321
2945 2962
2945 1408
2945 2828
2945 1620
2945 2860
2945 1554
2945 146
2945 2626
2945 2670
2945 988
2945 1332
2945 2561
2945 1611
2945 1438
2945 1901
2945 838
2945 2360
2945 1641
2945 2732
2945 1196
1524 184
2004 240
2004 1794
2004 114
2004 1612
2004 2386
2004 1890
2004 1172
2004 1468
2004 242
2004 166
2004 678
2004 1438
2004 411
2004 1710
888 2550
888 1760
888 1210
888 1750
888 435
888 2670
888 2055
888 1746
888 1898
888 577
888 748
95 2302
95 210
95 2832
95 1999
95 727
95 605
95 1325
95 1640
95 552
95 1501
95 1760
95 1137
95 2386
95 1484
95 2962
95 1311
95 1307
95 1962
95 35
95 853
95 719
95 2891
95 522
95 2670
95 332
95 2676
95 622
95 2414
95 2801
95 963
95 1438
95 31
95 2360
95 212
95 33
95 954
95 172
95 327
95 625
95 2787
95 2936
95 490
2445 2877
2776 2553
2776 2787
1959 1270
1959 186
34 329
34 155
1754 1165
102 1256
102 1168
102 1964
102 1285
102 2959
102 1077
102 1927
102 2843
102 2414
102 152
102 1924
102 593
102 1353
102 973
102 2610
102 2638
102 2066
102 966
1453 2516
1453 1706
1453 2908
1453 1737
1453 1603
2801 2097
2801 533
2801 1325
2801 624
2801 2427
2801 172
2023 850
2023 230
2023 862
1835 1930
1835 1811
1835 785
1594 184
1795 1956
1795 650
1795 2982
1795 810
1795 461
1795 1651
1795 2832
1795 274
1795 1194
1795 82
1795 993
1795 1325
1795 1168
1795 1876
1795 1459
1795 2320
1795 562
1795 645
1795 1401
1795 932
1795 1314
1795 273
1795 2064
1795 792
1795 1211
1795 1330
1795 634
1795 1140
1795 1288
1795 1466
1795 824
1795 682
1795 276
1795 1501
1795 153
1795 17
1795 1760
1795 2386
1795 2238
1795 277
1795 2947
1795 1627
1795 1920
1795 2746
1795 1833
1795 1807
1795 1477
1795 1484
1795 1791
1795 1941
1795 2799
1795 1530
1795 2858
1795 1432
1795 1620
1795 1230
1795 1285
1795 2036
1795 911
1795 2755
1795 827
1795 1554
1795 110
1795 1914
1795 566
1795 1377
1795 939
1795 184
1795 936
1795 2106
1795 1297
1795 2626
1795 2670
1795 332
1795 1435
1795 2034
1795 2590
1795 2854
1795 2423
1795 1812
1795 25
1795 1164
1795 919
1795 2345
1795 988
1795 2620
1795 2286
1795 1639
1795 1933
1795 1845
1795 304
1795 2284
1795 1646
1795 1539
1795 260
1795 1350
1795 624
1795 1948
1795 460
1795 2504
1795 492
1795 1883
1795 292
1795 963
1795 693
1795 1335
1795 1438
1795 2363
1795 508
1795 1577
1795 321
1795 2921
1795 2462
1795 2242
1795 2050
1795 1224
1795 2123
1795 2420
1795 1799
1795 2277
1795 2239
1795 1404
1795 33
1795 41
1795 3030
1795 2949
1795 901
1795 2732
1795 1179
1795 741
1795 2205
1795 1836
1795 280
1795 296
1795 2007
1795 1318
1795 1718
1795 683
1795 2672
1795 695
1795 1745
1795 315
1795 1564
1795 2177
1795 2096
1795 1196
1795 205
1795 1591
1795 756
1795 524
1795 1817
1795 479
1795 884
1795 269
1795 2855
1795 1729
1795 339
1795 1565
1795 762
2780 964
437 2998
1845 825
1845 1767
1845 1299
1845 242
1845 1144
2722 210
2722 51
2722 2336
2722 12
2722 2144
2722 149
2722 2084
2722 2328
2722 2608
2722 2997
2722 2750
2722 132
2722 950
2722 2877
2722 2666
2722 2292
2722 806
2722 299
2722 1610
2722 2458
2722 2632
2722 218
2722 2754
2722 391
2722 649
1970 2215
1970 238
1970 871
1970 922
1970 2207
1970 2220
1970 331
1970 616
1970 2092
1970 848
1970 952
1970 959
1970 916
1970 419
1970 353
1970 291
1970 2721
1970 1028
567 332
2284 2832
2284 2828
2284 332
2284 2676
2284 2536
2284 33
2557 1576
2533 2578
1674 2984
2367 1243
2367 2441
2125 336
2125 262
2125 2199
2396 1930
668 2317
668 1497
668 2903
571 2801
571 2360
808 1299
808 2531
808 1061
808 2530
615 2360
1510 2296
1510 1826
1510 314
1510 2062
1510 1325
1510 1993
1510 2356
1510 2289
1510 982
1510 2758
1510 1311
1510 2828
1510 1554
1510 146
1510 2612
1510 2891
1510 2524
1510 1253
1510 18
1510 1845
1510 2069
1510 927
1510 1438
1510 360
1510 2360
1510 2343
1510 1482
1510 542
1510 2197
58 2558
1939 210
734 1930
734 1850
734 1903
734 701
734 1657
1134 1307
2418 2050
771 1248
1470 2801
171 1137
866 1137
2636 153
2636 1173
2636 1811
2636 253
2636 1795
2636 488
2636 2557
2636 1646
2636 2931
2636 431
2636 2132
2636 1617
2636 1130
2636 2781
2186 1325
2186 1876
2186 1501
2186 2962
2186 1285
2186 1569
2186 590
2186 2626
2186 2670
2186 332
2186 242
2186 2801
2186 2253
2186 2360
2186 33
2186 954
2186 1815
1144 1347
1543 2955
1543 69
460 2409
460 548
460 2982
460 547
460 2157
460 499
460 1051
460 415
460 2832
460 129
460 1613
460 1999
460 654
460 3021
460 165
460 1168
460 1876
460 2380
460 504
460 449
460 2237
460 1412
460 276
460 1923
460 801
460 438
460 1137
460 2733
460 874
460 1922
460 43
460 1321
460 2962
460 426
460 1299
460 1293
460 1684
460 768
460 1578
460 420
460 2684
460 853
460 1077
460 251
460 978
460 2104
460 1489
460 2059
460 974
460 522
460 1701
460 2106
460 1676
460 2670
460 99
460 2414
460 988
460 2889
460 2831
460 1845
460 2602
460 292
460 1518
460 2415
460 1091
460 1662
460 2383
460 2213
460 436
460 48
460 1837
460 1420
460 2050
460 1427
460 2360
460 1656
460 1526
460 2343
460 2732
460 803
460 1861
460 921
460 1181
460 185
460 1687
460 1416
460 640
460 791
460 2224
460 1383
460 327
460 57
460 1658
460 1196
460 664
460 2547
460 1306
460 1119
460 2492
2654 717
2654 2916
2654 1247
2654 19
2654 2801
2654 1777
2654 1839
539 641
1945 2933
2053 1541
787 1325
2816 192
2816 3023
2816 1083
2816 263
2816 2871
2816 2399
2816 1259
2816 1219
2816 2288
2816 1082
2816 12
2816 976
2816 2996
2816 2080
2816 1396
2816 1124
2816 1595
2816 445
2816 1507
2816 2219
2816 1716
2816 174
2816 1863
2816 1272
2816 2925
2816 545
2816 1547
2816 2567
2816 323
2816 2293
2816 145
2816 1880
2816 78
2816 1450
2816 2493
2816 780
2816 2450
2816 2247
2816 1253
2816 2985
2816 3026
2816 223
2816 2649
2816 2175
2816 124
2816 1125
2816 1728
2816 464
2816 2924
2816 1074
2816 924
2816 1460
2816 2977
2816 1323
2816 1192
2816 1992
2816 505
2816 235
2816 109
2816 603
2816 1538
2816 1356
2816 1525
2816 1351
2816 474
2816 1734
2816 743
2816 626
2816 2513
2816 1044
2816 485
2816 2943
2816 393
2816 1874
2816 2018
2816 2158
2816 2906
2816 2740
2816 2728
2816 1042
2816 2912
2816 1136
2816 2803
2816 1605
2816 304
2816 2807
2816 869
2816 1813
2816 511
2816 2739
2816 482
2816 1327
2816 2321
2816 1452
2816 432
2816 2591
2816 886
2816 2331
2816 897
2816 2573
2816 312
2816 1184
2816 1067
2816 1984
2816 473
2816 337
2816 945
2816 1534
2816 1678
2816 2364
2816 1891
2816 66
2816 1748
2816 2826
2816 895
2816 2426
2816 799
2816 1346
2816 2815
2816 2690
2816 2700
2816 592
2816 338
2816 2496
2816 859
2816 2048
2816 2285
2816 188
2816 2689
2816 2665
2816 2181
2816 2777
2816 2600
2816 2879
2816 2859
2816 2052
2816 306
2816 613
2816 403
2816 2124
2816 1949
2816 201
2816 388
2816 441
2816 1041
2816 1461
2816 2435
2816 2049
2816 855
2816 3004
2816 2892
2816 1038
2816 1104
2816 131
2816 2176
2816 214
2816 2375
2816 233
2816 685
2816 28
2816 5
2816 198
2816 510
2816 1724
2816 1709
2816 2037
2816 68
2816 3012
2816 2276
2816 793
2816 523
2816 1824
2816 284
2816 2235
2816 2395
2816 2890
2816 535
2816 2986
2816 2089
2816 295
2816 2437
2816 735
2816 2909
2816 2669
2816 751
2816 1106
2816 2645
2816 2686
2816 1508
2816 912
2816 2822
2816 2232
2816 2294
2816 72
2816 1158
2816 851
2816 92
2816 1110
2816 2460
2816 134
2816 2340
2816 3020
2816 759
2816 1271
2816 317
2816 1502
2816 1366
2816 1666
2816 1755
2816 2155
2816 1752
2816 1358
2816 754
2816 2488
2816 1723
2816 843
2816 387
2816 2271
2816 2849
2816 1570
2816 2019
2816 466
2816 2467
2816 2664
2816 1155
2816 480
2816 248
2816 907
2816 2548
2816 191
2816 1431
2816 2865
2816 1176
2816 1399
2816 137
2816 750
2816 1649
2816 331
2816 2770
2816 1078
2816 2677
2816 1006
2816 2723
2816 2373
2816 1996
2816 1345
2816 1036
2816 1265
2816 1513
2816 1072
2816 468
2816 1177
2816 1629
2816 986
2816 2844
2816 334
2816 3003
2816 347
2816 2911
2816 1371
2816 1012
2816 1946
2816 788
2816 2376
2816 694
2816 2491
2816 2057
2816 2497
2816 733
2816 2306
2816 962
2816 2646
2816 2473
2816 2221
2816 789
2816 2994
2816 402
2816 2575
2816 3018
2816 2934
2816 889
2816 1
2816 1931
2816 1011
2816 3037
2816 2352
2816 396
2816 806
2816 1654
2816 2143
2816 1174
2816 2692
2816 1969
2816 395
2816 1912
2816 1653
2816 1843
2816 1456
2816 804
2816 2703
2816 246
2816 2793
2816 2866
2816 680
2816 671
2816 1849
2816 1947
2816 2076
2816 1675
2816 2762
2816 1981
2816 1382
2816 1291
2816 1487
2816 1111
2816 2209
2816 707
2816 1198
2816 2153
2816 669
2816 2779
2816 1868
2816 1433
2816 2717
2816 2014
2816 1193
2816 1033
2816 286
2816 2195
2816 2362
2816 1832
2816 3035
2816 1298
2816 623
2816 1886
2816 1496
2816 496
2816 446
2816 1934
2816 2695
2816 1454
2816 1073
2816 2334
2816 1493
2816 1682
2816 802
2816 1317
2816 3019
2816 1478
2816 704
2816 2300
2816 898
2816 1440
2816 1819
2816 1804
2816 1492
2816 1322
2816 1559
2816 672
2816 2485
2816 1758
2816 96
2816 840
2816 512
2816 1145
2816 2282
2816 2463
2816 1380
2816 1498
2816 346
2816 1582
2816 392
2816 258
2816 1951
2816 1500
2816 279
2816 2142
2816 2596
2816 538
2816 1135
2816 1769
2816 2094
2816 2090
2816 56
2816 1339
2816 287
2816 2031
2816 1775
2816 2313
2816 879
2816 2730
2816 1348
2816 1940
2816 1796
2816 1047
2816 1548
2816 833
2816 892
2816 1231
2816 2108
2816 36
2816 736
2816 1495
2816 887
2816 2442
2816 1976
2816 1276
2816 3040
2816 127
2816 2387
2816 2707
2816 1222
2816 495
2816 1050
2816 635
2816 378
2816 2259
2816 738
2816 621
2816 1462
2816 2782
2816 1858
2816 1309
2816 1619
2816 689
2816 931
2816 2452
2816 303
2816 1277
2816 307
2816 1957
2816 796
2816 872
2816 2248
2816 87
2816 1998
2816 1698
2816 1814
2816 1652
2816 1055
2816 718
2816 3001
2816 2173
2816 217
2816 2574
2816 534
2816 62
2816 817
2816 139
2816 2266
2816 2520
2816 2101
2816 2102
2816 975
2816 537
2816 1190
2816 881
2816 2370
2816 2900
2816 1221
2816 1961
2816 2963
2816 1632
2816 1385
2816 294
2816 1289
2816 1584
2816 1278
2816 1966
2816 1882
2816 37
2816 1208
2816 953
2816 564
2816 1227
2816 513
2816 667
2816 1916
2816 2631
2816 720
2816 820
2816 1854
2816 1215
2816 1952
2816 2047
2816 1829
2816 1354
2816 117
2816 2601
2816 902
2816 457
2816 2673
2816 507
2816 125
2816 705
2816 985
2816 681
2816 2588
2816 2029
2816 1386
2816 2514
2816 584
2816 602
2816 2178
2816 1567
2816 1160
2816 239
2816 1847
2816 2310
2816 2897
2816 1320
2816 546
2816 839
2816 1023
2816 2311
2816 1279
2816 1683
2816 1553
2816 773
2816 659
2816 676
2816 1932
2816 757
2816 1902
2816 2633
2816 1659
2816 2905
2816 1558
2816 2468
2816 2522
2816 2172
2816 517
2816 2657
2816 264
2816 342
2816 2941
2816 1120
2816 231
2816 50
2816 565
2816 1955
2816 2067
2816 1486
2816 226
2816 1506
2816 2972
2816 2327
2816 714
2816 2560
2816 578
2816 845
2816 400
2816 261
2816 2400
2816 2495
2816 11
2816 187
2816 2904
2816 2203
2816 1446
2816 1535
2816 1037
2816 691
2816 2875
2816 1980
2816 228
2816 154
2816 656
2816 655
2816 1255
2816 2556
2816 1280
2816 385
2816 2072
2816 151
2816 765
2816 1822
2816 1953
2816 1744
2816 1808
2816 1917
2816 2078
2816 2079
2816 1417
2816 229
2816 1183
2816 1766
2816 943
2816 1369
2816 2656
2816 1990
2816 241
2816 1035
2816 1533
2816 1373
2816 2917
2816 983
2816 2589
2816 579
2816 2685
2816 2315
2816 2410
2816 2191
2816 467
2816 728
2816 2424
2816 350
2816 1269
2816 1329
2816 675
2816 1112
2816 227
2816 213
2816 1300
2816 1864
2816 46
2816 713
2816 55
2816 1444
2816 3013
2816 372
2816 2454
2816 54
2816 1669
2816 658
2816 2735
2816 558
2816 987
2816 800
2816 2851
2816 729
2816 2813
2816 21
2816 204
2816 3048
2816 2227
2816 1424
2816 1816
2816 726
2816 2136
2816 377
2816 1372
2 1425
2 2598
2 1152
2 2981
2 559
2 601
2 515
2 1078
2 630
2 2351
2 1291
2 796
2 1782
2 2582
2 2956
1129 2050
1129 929
356 2540
356 1501
356 203
356 60
356 355
963 1721
963 3025
1368 362
1368 1501
1368 2962
1368 828
1368 1228
1368 2843
1368 3028
1368 1488
1243 2405
812 1767
994 2070
1588 561
1588 1610
2611 569
868 153
1171 2816
1060 2401
2975 2106
1725 1608
968 1706
1438 1501
1438 2386
1438 2197
2792 1706
1151 2360
2580 1084
2580 1342
2013 594
2013 2756
2013 1783
2541 1027
2541 1400
2541 2987
2541 1201
2541 3015
2541 2193
2406 2670
2411 332
2853 2816
3007 175
3007 1064
3007 1760
3007 2955
3007 1561
3007 2827
3007 2820
3007 13
2918 375
2918 84
2918 1389
2918 1870
2918 696
2213 1232
1944 1053
1944 2960
1944 1767
1944 421
1944 1695
1944 380
1944 1805
1944 1501
1944 153
1944 1760
1944 2338
1944 1942
1944 795
1944 2126
1944 2828
1944 146
1944 2106
1944 2670
1944 1428
1944 242
1944 1785
1944 416
1944 1544
1944 1018
1944 865
1944 815
1944 2050
1944 631
1944 2734
1944 185
1944 296
1944 2929
1944 695
1944 367
1944 1677
1759 2507
1989 2603
1989 2824
1989 2317
1989 2475
1989 2698
1708 2536
2935 336
494 2978
1443 2998
2250 2198
2229 33
2229 2472
48 1137
48 1855
1983 210
2726 175
2726 1187
2726 992
2726 1903
2726 785
2726 3047
2726 90
2726 2200
2726 1013
2726 83
2726 904
2726 527
2726 1387
2726 2374
2726 158
2726 1536
2462 88
1977 1871
1977 478
2292 2234
2292 1910
2109 2801
140 305
140 126
140 489
140 1242
140 2429
140 2133
140 3033
140 1295
2984 2241
2984 2932
2984 1903
2984 2151
2164 1596
2164 899
2164 437
2164 1013
550 2960
1609 1634
2360 1165
2360 212
73 1307
702 1969
103 2816
904 1531
33 698
33 2732
3010 2696
1896 221
1896 1987
1045 755
995 1599
995 2674
995 2198
995 2932
995 2200
995 809
995 1437
995 1013
995 2873
995 2438
995 2538
995 2687
133 429
133 2983
133 2998
59 2816
2705 459
2705 45
2705 2043
2705 2848
2705 418
118 1863
118 2074
769 1956
769 1760
769 115
769 150
769 795
769 179
769 2566
769 1693
769 1077
769 1438
2299 2830
606 2100
606 2937
606 1107
606 2719
606 2876
606 1774
606 1085
606 1878
2428 185
2192 2360
1642 2896
1642 922
1642 1555
1642 2670
1642 2579
1642 42
1642 1910
1642 2108
1642 1878
1642 2002
1642 328
1642 611
1642 2027
1541 41
2212 210
2212 2896
2212 922
2212 3038
2212 146
2212 1918
2212 2421
2212 1673
2212 1019
2212 2111
2212 958
2212 2802
2212 1563
2212 2553
2212 2050
2212 711
2212 1671
2212 2761
2212 2637
2212 2845
2212 644
2212 2368
2212 636
2212 610
2212 245
2212 1233
2212 525
2212 1086
2212 649
2212 1030
2212 2589
2212 2968
2212 2721
2212 1413
2212 1209
2212 1879
1825 1497
3051 288
296 1319
296 1325
296 2356
296 1501
296 2008
296 2413
296 1438
296 2360
2132 448
569 2687
2881 1930
2881 1869
2881 3016
2881 2483
2881 1116
2881 2396
2881 734
2881 412
2881 2983
2881 2998
2881 2887
2881 2374
2881 1180
2091 1653
2312 332
275 2483
275 734
275 2820
275 2810
687 1129
687 2705
2914 2886
2914 1481
2914 146
2914 2830
2914 144
2914 2670
2914 197
2914 2768
2914 1986
2914 1937
2914 1771
2914 2068
2914 336
2914 808
2914 2877
2914 2759
2914 1474
2914 2835
2914 1806
2914 2016
2914 1039
2914 296
2914 376
2914 2568
2914 1670
2914 2765
2914 644
2914 2108
2914 427
2914 2782
2914 1114
2914 860
2914 2337
2914 1471
2914 1141
2914 291
2914 486
2914 107
1786 1325
1786 1760
1786 2962
1786 332
1786 516
1786 1200
1786 1409
1786 265
1786 2360
1786 33
1786 185
1786 1205
818 33
1367 2531
1618 775
1618 2752
1889 1137
1617 749
731 2832
731 2301
731 2156
731 276
731 153
731 2008
731 1554
731 242
731 2856
731 1537
731 48
731 2050
731 280
731 1180
776 1172
776 858
776 876
776 2595
776 2775
776 2379
776 2716
776 2348
776 1032
776 586
776 2800
776 1328
776 1660
776 1153
776 236
776 739
776 300
776 1614
776 3006
776 1893
776 2713
776 2954
776 1127
776 352
776 484
776 1202
776 1117
776 364
776 1338
776 2398
776 1586
776 3014
776 708
776 1009
776 940
776 422
776 2869
644 332
91 1706
91 1292
695 908
695 1484
695 242
695 2166
695 894
1393 28
1692 95
553 210
553 880
553 2527
553 2081
553 1493
553 2992
2332 2431
2332 1839
1108 1993
1108 2167
1108 2249
1108 2023
1108 2606
1108 2012
1108 76
1108 3043
1801 33
327 195
327 1552
327 683
101 2527
2545 2125
61 2386
2787 1623
2651 2106
2651 2001
1223 775
1223 2788
2009 2281
813 1869
813 1903
813 785
813 2662
1457 2974
1457 2386
1457 2962
1457 633
1457 185
1457 597
1457 172
1457 756
1457 1997
1457 1360
1457 1532
1457 568
2230 1004
2230 1930
2230 2964
2230 1903
2230 749
2230 1093
2230 1840
2230 2729
665 497
2339 2955
2894 2074
2255 810
2255 2832
2255 784
2255 605
2255 2237
2255 698
2255 1527
2255 2386
2255 925
2255 1694
2255 3024
2255 1228
2255 146
2255 312
2255 292
2255 33
1414 130
2118 330
2118 1164
2118 280
1150 1556
1473 2877
106 995
1720 821
1720 2564
1720 1467
1720 1781
1720 100
1929 1706
1929 1003
2978 2516
2978 786
2978 146
2978 2524
2978 2615
2978 197
2978 2768
2978 2554
2978 2111
2978 897
2978 2627
2978 2877
2978 2160
2978 1048
2978 661
2978 2265
2978 2987
2978 2761
2978 313
2978 1590
2978 427
2978 222
2978 486
2978 2720
2978 928
2978 2402
2978 2511
2978 906
237 1589
199 1760
199 2355
199 1157
2697 2816