1 10
10 1
1 11
11 1
1 12
12 1
1 13
13 1
1 14
14 1
1 15
15 1
1 16
16 1
1 17
17 1
1 18
18 1
1 19
19 1
1 2
2 1
1 20
20 1
1 21
21 1
1 22
22 1
1 23
23 1
1 24
24 1
1 3
3 1
1 4
4 1
1 5
5 1
1 6
6 1
1 7
7 1
1 8
8 1
1 9
9 1
2 11
11 2
2 12
12 2
2 120
120 2
2 121
121 2
2 122
122 2
2 123
123 2
2 124
124 2
2 125
125 2
2 13
13 2
2 14
14 2
2 15
15 2
2 19
19 2
2 20
20 2
2 21
21 2
2 23
23 2
2 24
24 2
2 4
4 2
2 6
6 2
2 67
67 2
2 7
7 2
3 10
10 3
3 125
125 3
3 13
13 3
3 130
130 3
3 14
14 3
3 145
145 3
3 146
146 3
3 147
147 3
3 148
148 3
3 149
149 3
3 150
150 3
3 157
157 3
3 159
159 3
3 16
16 3
3 160
160 3
3 17
17 3
3 18
18 3
3 20
20 3
3 21
21 3
3 23
23 3
3 24
24 3
3 4
4 3
3 5
5 3
3 6
6 3
3 67
67 3
3 7
7 3
3 8
8 3
3 9
9 3
4 101
101 4
4 11
11 4
4 112
112 4
4 12
12 4
4 121
121 4
4 128
128 4
4 13
13 4
4 133
133 4
4 137
137 4
4 14
14 4
4 149
149 4
4 15
15 4
4 150
150 4
4 152
152 4
4 16
16 4
4 164
164 4
4 165
165 4
4 166
166 4
4 167
167 4
4 168
168 4
4 169
169 4
4 17
17 4
4 170
170 4
4 171
171 4
4 172
172 4
4 173
173 4
4 174
174 4
4 177
177 4
4 178
178 4
4 179
179 4
4 18
18 4
4 19
19 4
4 20
20 4
4 21
21 4
4 23
23 4
4 24
24 4
4 6
6 4
4 7
7 4
4 8
8 4
4 9
9 4
5 10
10 5
5 153
153 5
5 155
155 5
5 160
160 5
5 164
164 5
5 165
165 5
5 17
17 5
5 22
22 5
5 6
6 5
5 67
67 5
6 10
10 6
6 11
11 6
6 12
12 6
6 13
13 6
6 14
14 6
6 15
15 6
6 153
153 6
6 155
155 6
6 164
164 6
6 165
165 6
6 17
17 6
6 19
19 6
6 20
20 6
6 21
21 6
6 22
22 6
6 23
23 6
6 24
24 6
6 7
7 6
7 10
10 7
7 100
100 7
7 101
101 7
7 102
102 7
7 103
103 7
7 104
104 7
7 105
105 7
7 106
106 7
7 107
107 7
7 108
108 7
7 109
109 7
7 11
11 7
7 110
110 7
7 111
111 7
7 116
116 7
7 117
117 7
7 118
118 7
7 119
119 7
7 12
12 7
7 120
120 7
7 121
121 7
7 122
122 7
7 123
123 7
7 124
124 7
7 125
125 7
7 127
127 7
7 128
128 7
7 13
13 7
7 130
130 7
7 133
133 7
7 137
137 7
7 138
138 7
7 139
139 7
7 14
14 7
7 140
140 7
7 148
148 7
7 149
149 7
7 15
15 7
7 150
150 7
7 152
152 7
7 153
153 7
7 154
154 7
7 155
155 7
7 157
157 7
7 164
164 7
7 165
165 7
7 166
166 7
7 167
167 7
7 168
168 7
7 169
169 7
7 170
170 7
7 171
171 7
7 172
172 7
7 173
173 7
7 174
174 7
7 177
177 7
7 178
178 7
7 179
179 7
7 18
18 7
7 19
19 7
7 191
191 7
7 20
20 7
7 21
21 7
7 23
23 7
7 24
24 7
7 26
26 7
7 27
27 7
7 28
28 7
7 48
48 7
7 54
54 7
7 55
55 7
7 67
67 7
7 74
74 7
7 75
75 7
7 76
76 7
7 80
80 7
7 81
81 7
7 83
83 7
7 84
84 7
7 85
85 7
7 86
86 7
7 87
87 7
7 89
89 7
7 9
9 7
7 90
90 7
7 92
92 7
7 93
93 7
7 95
95 7
7 96
96 7
7 97
97 7
7 98
98 7
8 100
100 8
8 110
110 8
8 111
111 8
8 16
16 8
8 17
17 8
8 18
18 8
8 21
21 8
8 23
23 8
8 24
24 8
8 28
28 8
8 80
80 8
8 81
81 8
8 9
9 8
8 91
91 8
8 92
92 8
8 94
94 8
8 98
98 8
9 109
109 9
9 11
11 9
9 125
125 9
9 13
13 9
9 130
130 9
9 134
134 9
9 137
137 9
9 14
14 9
9 146
146 9
9 148
148 9
9 157
157 9
9 159
159 9
9 16
16 9
9 160
160 9
9 17
17 9
9 18
18 9
9 192
192 9
9 21
21 9
9 23
23 9
9 24
24 9
9 67
67 9
10 109
109 10
10 111
111 10
10 112
112 10
10 114
114 10
10 119
119 10
10 12
12 10
10 125
125 10
10 13
13 10
10 14
14 10
10 145
145 10
10 146
146 10
10 147
147 10
10 149
149 10
10 15
15 10
10 153
153 10
10 155
155 10
10 158
158 10
10 159
159 10
10 160
160 10
10 164
164 10
10 165
165 10
10 17
17 10
10 18
18 10
10 19
19 10
10 20
20 10
10 28
28 10
10 54
54 10
10 67
67 10
10 74
74 10
10 75
75 10
10 76
76 10
10 80
80 10
10 83
83 10
10 85
85 10
10 86
86 10
10 88
88 10
10 93
93 10
11 101
101 11
11 102
102 11
11 103
103 11
11 106
106 11
11 107
107 11
11 109
109 11
11 116
116 11
11 117
117 11
11 118
118 11
11 12
12 11
11 120
120 11
11 121
121 11
11 124
124 11
11 125
125 11
11 13
13 11
11 130
130 11
11 133
133 11
11 137
137 11
11 14
14 11
11 148
148 11
11 15
15 11
11 18
18 11
11 19
19 11
11 20
20 11
11 21
21 11
11 23
23 11
11 24
24 11
11 67
67 11
11 80
80 11
11 89
89 11
11 90
90 11
11 95
95 11
11 96
96 11
11 97
97 11
12 101
101 12
12 111
111 12
12 112
112 12
12 114
114 12
12 121
121 12
12 125
125 12
12 128
128 12
12 13
13 12
12 133
133 12
12 137
137 12
12 14
14 12
12 149
149 12
12 15
15 12
12 150
150 12
12 152
152 12
12 158
158 12
12 159
159 12
12 160
160 12
12 164
164 12
12 165
165 12
12 166
166 12
12 167
167 12
12 168
168 12
12 169
169 12
12 170
170 12
12 171
171 12
12 172
172 12
12 173
173 12
12 174
174 12
12 18
18 12
12 19
19 12
12 20
20 12
12 21
21 12
12 23
23 12
12 24
24 12
12 67
67 12
12 74
74 12
12 76
76 12
12 93
93 12
13 101
101 13
13 111
111 13
13 112
112 13
13 114
114 13
13 121
121 13
13 122
122 13
13 123
123 13
13 125
125 13
13 128
128 13
13 133
133 13
13 137
137 13
13 14
14 13
13 149
149 13
13 15
15 13
13 150
150 13
13 152
152 13
13 154
154 13
13 158
158 13
13 159
159 13
13 160
160 13
13 164
164 13
13 165
165 13
13 166
166 13
13 167
167 13
13 168
168 13
13 169
169 13
13 170
170 13
13 171
171 13
13 172
172 13
13 173
173 13
13 174
174 13
13 177
177 13
13 178
178 13
13 179
179 13
13 18
18 13
13 187
187 13
13 188
188 13
13 189
189 13
13 19
19 13
13 20
20 13
13 21
21 13
13 23
23 13
13 24
24 13
13 56
56 13
13 67
67 13
13 74
74 13
13 76
76 13
13 89
89 13
13 90
90 13
13 93
93 13
14 101
101 14
14 111
111 14
14 112
112 14
14 114
114 14
14 121
121 14
14 125
125 14
14 128
128 14
14 133
133 14
14 137
137 14
14 149
149 14
14 15
15 14
14 150
150 14
14 152
152 14
14 158
158 14
14 159
159 14
14 160
160 14
14 164
164 14
14 165
165 14
14 166
166 14
14 167
167 14
14 168
168 14
14 169
169 14
14 170
170 14
14 171
171 14
14 172
172 14
14 173
173 14
14 174
174 14
14 18
18 14
14 187
187 14
14 19
19 14
14 20
20 14
14 21
21 14
14 23
23 14
14 24
24 14
14 67
67 14
14 74
74 14
14 76
76 14
14 93
93 14
15 101
101 15
15 111
111 15
15 112
112 15
15 114
114 15
15 121
121 15
15 125
125 15
15 128
128 15
15 133
133 15
15 137
137 15
15 149
149 15
15 150
150 15
15 152
152 15
15 158
158 15
15 159
159 15
15 160
160 15
15 164
164 15
15 165
165 15
15 166
166 15
15 167
167 15
15 168
168 15
15 169
169 15
15 170
170 15
15 171
171 15
15 172
172 15
15 173
173 15
15 174
174 15
15 177
177 15
15 178
178 15
15 179
179 15
15 18
18 15
15 19
19 15
15 20
20 15
15 21
21 15
15 23
23 15
15 24
24 15
15 67
67 15
15 74
74 15
15 76
76 15
15 93
93 15
16 100
100 16
16 110
110 16
16 111
111 16
16 114
114 16
16 17
17 16
16 18
18 16
16 21
21 16
16 23
23 16
16 24
24 16
16 28
28 16
16 80
80 16
16 81
81 16
16 88
88 16
16 91
91 16
16 92
92 16
16 93
93 16
16 94
94 16
16 98
98 16
17 145
145 17
17 146
146 17
17 147
147 17
17 148
148 17
17 149
149 17
17 150
150 17
17 18
18 17
17 21
21 17
17 22
22 17
17 23
23 17
17 24
24 17
18 101
101 18
18 102
102 18
18 107
107 18
18 111
111 18
18 112
112 18
18 114
114 18
18 116
116 18
18 117
117 18
18 118
118 18
18 121
121 18
18 125
125 18
18 128
128 18
18 133
133 18
18 137
137 18
18 149
149 18
18 150
150 18
18 152
152 18
18 158
158 18
18 159
159 18
18 160
160 18
18 164
164 18
18 165
165 18
18 166
166 18
18 167
167 18
18 168
168 18
18 169
169 18
18 170
170 18
18 171
171 18
18 172
172 18
18 173
173 18
18 174
174 18
18 19
19 18
18 20
20 18
18 21
21 18
18 23
23 18
18 24
24 18
18 67
67 18
18 74
74 18
18 76
76 18
18 80
80 18
18 89
89 18
18 90
90 18
18 93
93 18
18 95
95 18
18 96
96 18
18 97
97 18
19 100
100 19
19 101
101 19
19 109
109 19
19 111
111 19
19 112
112 19
19 114
114 19
19 121
121 19
19 125
125 19
19 128
128 19
19 133
133 19
19 135
135 19
19 137
137 19
19 139
139 19
19 149
149 19
19 150
150 19
19 152
152 19
19 153
153 19
19 154
154 19
19 155
155 19
19 158
158 19
19 159
159 19
19 160
160 19
19 164
164 19
19 165
165 19
19 166
166 19
19 167
167 19
19 168
168 19
19 169
169 19
19 170
170 19
19 171
171 19
19 172
172 19
19 173
173 19
19 174
174 19
19 20
20 19
19 21
21 19
19 23
23 19
19 24
24 19
19 54
54 19
19 67
67 19
19 74
74 19
19 75
75 19
19 76
76 19
19 86
86 19
19 93
93 19
20 100
100 20
20 101
101 20
20 102
102 20
20 106
106 20
20 107
107 20
20 109
109 20
20 111
111 20
20 112
112 20
20 114
114 20
20 116
116 20
20 117
117 20
20 118
118 20
20 120
120 20
20 121
121 20
20 122
122 20
20 123
123 20
20 124
124 20
20 125
125 20
20 128
128 20
20 133
133 20
20 137
137 20
20 139
139 20
20 149
149 20
20 150
150 20
20 152
152 20
20 153
153 20
20 154
154 20
20 155
155 20
20 158
158 20
20 159
159 20
20 160
160 20
20 164
164 20
20 165
165 20
20 166
166 20
20 167
167 20
20 168
168 20
20 169
169 20
20 170
170 20
20 171
171 20
20 172
172 20
20 173
173 20
20 174
174 20
20 177
177 20
20 178
178 20
20 179
179 20
20 21
21 20
20 23
23 20
20 24
24 20
20 54
54 20
20 67
67 20
20 74
74 20
20 75
75 20
20 76
76 20
20 80
80 20
20 86
86 20
20 89
89 20
20 90
90 20
20 93
93 20
20 95
95 20
20 96
96 20
20 97
97 20
21 101
101 21
21 112
112 21
21 121
121 21
21 128
128 21
21 133
133 21
21 137
137 21
21 149
149 21
21 150
150 21
21 152
152 21
21 164
164 21
21 165
165 21
21 166
166 21
21 167
167 21
21 168
168 21
21 169
169 21
21 170
170 21
21 171
171 21
21 172
172 21
21 173
173 21
21 174
174 21
21 177
177 21
21 178
178 21
21 179
179 21
21 23
23 21
21 24
24 21
22 119
119 22
22 133
133 22
22 176
176 22
22 193
193 22
22 88
88 22
22 93
93 22
23 101
101 23
23 102
102 23
23 107
107 23
23 109
109 23
23 112
112 23
23 116
116 23
23 117
117 23
23 118
118 23
23 119
119 23
23 121
121 23
23 122
122 23
23 123
123 23
23 124
124 23
23 126
126 23
23 127
127 23
23 128
128 23
23 130
130 23
23 131
131 23
23 132
132 23
23 133
133 23
23 134
134 23
23 137
137 23
23 148
148 23
23 149
149 23
23 150
150 23
23 152
152 23
23 153
153 23
23 157
157 23
23 164
164 23
23 165
165 23
23 166
166 23
23 167
167 23
23 168
168 23
23 169
169 23
23 170
170 23
23 171
171 23
23 172
172 23
23 173
173 23
23 174
174 23
23 177
177 23
23 178
178 23
23 179
179 23
23 24
24 23
23 27
27 23
23 31
31 23
23 67
67 23
23 74
74 23
23 80
80 23
23 89
89 23
23 90
90 23
23 91
91 23
23 93
93 23
23 95
95 23
23 96
96 23
23 97
97 23
24 101
101 24
24 102
102 24
24 103
103 24
24 106
106 24
24 107
107 24
24 109
109 24
24 116
116 24
24 117
117 24
24 118
118 24
24 120
120 24
24 121
121 24
24 124
124 24
24 125
125 24
24 133
133 24
24 168
168 24
24 177
177 24
24 178
178 24
24 179
179 24
24 67
67 24
24 80
80 24
24 89
89 24
24 90
90 24
24 95
95 24
24 96
96 24
24 97
97 24
25 26
26 25
25 27
27 25
25 28
28 25
26 100
100 26
26 103
103 26
26 105
105 26
26 106
106 26
26 108
108 26
26 109
109 26
26 110
110 26
26 111
111 26
26 115
115 26
26 117
117 26
26 119
119 26
26 144
144 26
26 27
27 26
26 28
28 26
26 62
62 26
26 74
74 26
26 80
80 26
26 81
81 26
26 87
87 26
26 89
89 26
26 90
90 26
26 94
94 26
26 98
98 26
27 102
102 27
27 104
104 27
27 105
105 27
27 107
107 27
27 109
109 27
27 110
110 27
27 111
111 27
27 112
112 27
27 113
113 27
27 114
114 27
27 116
116 27
27 117
117 27
27 118
118 27
27 119
119 27
27 125
125 27
27 138
138 27
27 139
139 27
27 140
140 27
27 144
144 27
27 28
28 27
27 35
35 27
27 48
48 27
27 54
54 27
27 55
55 27
27 62
62 27
27 70
70 27
27 74
74 27
27 75
75 27
27 76
76 27
27 83
83 27
27 84
84 27
27 85
85 27
27 86
86 27
27 87
87 27
27 88
88 27
27 89
89 27
27 90
90 27
27 93
93 27
27 94
94 27
27 95
95 27
27 96
96 27
27 97
97 27
28 103
103 28
28 105
105 28
28 108
108 28
28 109
109 28
28 110
110 28
28 111
111 28
28 112
112 28
28 114
114 28
28 115
115 28
28 117
117 28
28 119
119 28
28 124
124 28
28 144
144 28
28 54
54 28
28 62
62 28
28 67
67 28
28 70
70 28
28 74
74 28
28 75
75 28
28 80
80 28
28 83
83 28
28 84
84 28
28 85
85 28
28 86
86 28
28 88
88 28
28 89
89 28
28 90
90 28
28 91
91 28
28 92
92 28
28 93
93 28
28 94
94 28
28 98
98 28
29 30
30 29
29 31
31 29
29 32
32 29
29 33
33 29
30 143
143 30
30 31
31 30
30 32
32 30
30 33
33 30
30 78
78 30
30 79
79 30
31 101
101 31
31 122
122 31
31 123
123 31
31 126
126 31
31 131
131 31
31 132
132 31
31 134
134 31
31 141
141 31
31 142
142 31
31 143
143 31
31 161
161 31
31 180
180 31
31 183
183 31
31 184
184 31
31 32
32 31
31 33
33 31
31 34
34 31
31 35
35 31
31 36
36 31
31 37
37 31
31 42
42 31
31 50
50 31
31 51
51 31
31 52
52 31
31 53
53 31
31 58
58 31
31 60
60 31
31 61
61 31
31 62
62 31
31 64
64 31
31 65
65 31
31 66
66 31
31 68
68 31
31 69
69 31
31 70
70 31
31 72
72 31
31 91
91 31
31 97
97 31
32 139
139 32
32 154
154 32
32 156
156 32
32 161
161 32
32 181
181 32
32 190
190 32
32 196
196 32
32 33
33 32
32 34
34 32
32 35
35 32
32 36
36 32
32 37
37 32
32 38
38 32
32 39
39 32
32 40
40 32
32 41
41 32
32 42
42 32
32 43
43 32
32 44
44 32
32 45
45 32
32 46
46 32
32 47
47 32
32 50
50 32
32 51
51 32
32 52
52 32
32 53
53 32
32 56
56 32
32 57
57 32
32 59
59 32
32 60
60 32
32 61
61 32
32 62
62 32
32 63
63 32
32 65
65 32
32 66
66 32
32 67
67 32
32 68
68 32
32 70
70 32
32 71
71 32
32 72
72 32
32 73
73 32
32 90
90 32
33 139
139 33
33 154
154 33
33 156
156 33
33 34
34 33
33 35
35 33
33 36
36 33
33 37
37 33
33 38
38 33
33 40
40 33
33 41
41 33
33 42
42 33
33 43
43 33
33 44
44 33
33 45
45 33
33 46
46 33
33 47
47 33
33 50
50 33
33 51
51 33
33 52
52 33
33 53
53 33
33 56
56 33
33 57
57 33
33 58
58 33
33 59
59 33
33 60
60 33
33 61
61 33
33 62
62 33
33 63
63 33
33 65
65 33
33 66
66 33
33 67
67 33
33 68
68 33
33 69
69 33
33 70
70 33
33 72
72 33
33 73
73 33
34 35
35 34
34 36
36 34
34 37
37 34
34 38
38 34
34 39
39 34
34 40
40 34
34 41
41 34
34 42
42 34
34 43
43 34
34 44
44 34
34 45
45 34
34 46
46 34
34 47
47 34
35 36
36 35
35 37
37 35
35 38
38 35
35 39
39 35
35 40
40 35
35 41
41 35
35 42
42 35
35 43
43 35
35 44
44 35
35 45
45 35
35 46
46 35
35 47
47 35
35 48
48 35
35 49
49 35
35 50
50 35
35 51
51 35
35 52
52 35
35 53
53 35
35 54
54 35
35 55
55 35
35 56
56 35
35 57
57 35
35 58
58 35
35 59
59 35
35 60
60 35
35 61
61 35
35 62
62 35
35 63
63 35
35 64
64 35
35 65
65 35
35 66
66 35
35 67
67 35
35 68
68 35
35 69
69 35
35 70
70 35
35 71
71 35
35 72
72 35
35 73
73 35
35 74
74 35
35 75
75 35
35 76
76 35
36 141
141 36
36 142
142 36
36 143
143 36
36 37
37 36
36 39
39 36
36 40
40 36
36 42
42 36
36 43
43 36
36 44
44 36
36 45
45 36
36 46
46 36
36 47
47 36
36 51
51 36
36 56
56 36
36 60
60 36
36 66
66 36
36 68
68 36
36 70
70 36
36 71
71 36
36 73
73 36
37 114
114 37
37 156
156 37
37 161
161 37
37 38
38 37
37 39
39 37
37 40
40 37
37 41
41 37
37 42
42 37
37 43
43 37
37 44
44 37
37 45
45 37
37 46
46 37
37 47
47 37
37 51
51 37
37 52
52 37
37 56
56 37
37 60
60 37
37 61
61 37
37 62
62 37
37 64
64 37
37 66
66 37
37 68
68 37
37 70
70 37
37 71
71 37
37 73
73 37
38 139
139 38
38 154
154 38
38 156
156 38
38 185
185 38
38 186
186 38
38 39
39 38
38 40
40 38
38 41
41 38
38 42
42 38
38 44
44 38
38 45
45 38
38 51
51 38
38 52
52 38
38 56
56 38
38 60
60 38
38 61
61 38
38 62
62 38
38 63
63 38
38 64
64 38
38 66
66 38
38 67
67 38
38 68
68 38
38 70
70 38
38 73
73 38
39 40
40 39
39 42
42 39
39 43
43 39
39 44
44 39
39 47
47 39
39 51
51 39
39 56
56 39
39 60
60 39
39 66
66 39
39 68
68 39
39 70
70 39
39 71
71 39
39 73
73 39
40 41
41 40
40 42
42 40
40 43
43 40
40 44
44 40
40 45
45 40
40 46
46 40
40 47
47 40
40 51
51 40
40 60
60 40
40 66
66 40
40 68
68 40
41 114
114 41
41 196
196 41
41 42
42 41
41 44
44 41
41 45
45 41
41 51
51 41
41 52
52 41
41 60
60 41
41 61
61 41
41 62
62 41
41 63
63 41
41 64
64 41
41 66
66 41
41 67
67 41
41 70
70 41
41 71
71 41
42 125
125 42
42 139
139 42
42 154
154 42
42 156
156 42
42 43
43 42
42 44
44 42
42 45
45 42
42 46
46 42
42 47
47 42
42 50
50 42
42 51
51 42
42 52
52 42
42 53
53 42
42 56
56 42
42 57
57 42
42 58
58 42
42 59
59 42
42 60
60 42
42 61
61 42
42 62
62 42
42 63
63 42
42 65
65 42
42 66
66 42
42 67
67 42
42 68
68 42
42 69
69 42
42 70
70 42
42 73
73 42
43 181
181 43
43 44
44 43
43 45
45 43
43 46
46 43
43 47
47 43
43 51
51 43
43 56
56 43
43 60
60 43
43 66
66 43
43 68
68 43
43 70
70 43
43 71
71 43
43 73
73 43
44 45
45 44
44 46
46 44
44 47
47 44
44 52
52 44
44 60
60 44
44 61
61 44
44 62
62 44
44 63
63 44
44 66
66 44
44 68
68 44
44 70
70 44
45 156
156 45
45 46
46 45
45 47
47 45
45 51
51 45
45 60
60 45
45 61
61 45
45 62
62 45
45 66
66 45
45 68
68 45
45 70
70 45
45 72
72 45
45 73
73 45
46 117
117 46
46 156
156 46
46 161
161 46
46 47
47 46
46 51
51 46
46 52
52 46
46 60
60 46
46 61
61 46
46 62
62 46
46 64
64 46
46 66
66 46
46 68
68 46
46 70
70 46
47 126
126 47
47 127
127 47
47 128
128 47
47 129
129 47
47 130
130 47
47 133
133 47
47 135
135 47
47 136
136 47
47 137
137 47
47 51
51 47
47 56
56 47
47 60
60 47
47 66
66 47
47 68
68 47
47 70
70 47
47 71
71 47
47 73
73 47
47 82
82 47
48 104
104 48
48 105
105 48
48 115
115 48
48 117
117 48
48 119
119 48
48 138
138 48
48 139
139 48
48 140
140 48
48 157
157 48
48 54
54 48
48 55
55 48
48 67
67 48
48 74
74 48
48 75
75 48
48 76
76 48
48 80
80 48
48 84
84 48
48 85
85 48
48 86
86 48
48 87
87 48
48 90
90 48
50 52
52 50
50 53
53 50
50 58
58 50
50 62
62 50
50 65
65 50
50 66
66 50
50 69
69 50
50 70
70 50
51 156
156 51
51 161
161 51
51 52
52 51
51 56
56 51
51 60
60 51
51 61
61 51
51 62
62 51
51 64
64 51
51 66
66 51
51 68
68 51
51 70
70 51
51 71
71 51
51 73
73 51
52 139
139 52
52 154
154 52
52 156
156 52
52 161
161 52
52 53
53 52
52 56
56 52
52 58
58 52
52 60
60 52
52 61
61 52
52 62
62 52
52 63
63 52
52 64
64 52
52 65
65 52
52 66
66 52
52 67
67 52
52 68
68 52
52 69
69 52
52 70
70 52
52 73
73 52
53 125
125 53
53 183
183 53
53 184
184 53
53 57
57 53
53 58
58 53
53 59
59 53
53 62
62 53
53 65
65 53
53 66
66 53
53 67
67 53
53 69
69 53
53 70
70 53
54 100
100 54
54 104
104 54
54 109
109 54
54 110
110 54
54 111
111 54
54 112
112 54
54 114
114 54
54 119
119 54
54 138
138 54
54 139
139 54
54 140
140 54
54 153
153 54
54 154
154 54
54 155
155 54
54 191
191 54
54 55
55 54
54 70
70 54
54 74
74 54
54 75
75 54
54 76
76 54
54 80
80 54
54 81
81 54
54 82
82 54
54 83
83 54
54 84
84 54
54 85
85 54
54 86
86 54
54 87
87 54
54 88
88 54
54 91
91 54
54 93
93 54
54 97
97 54
54 98
98 54
54 99
99 54
55 100
100 55
55 104
104 55
55 105
105 55
55 109
109 55
55 110
110 55
55 111
111 55
55 115
115 55
55 117
117 55
55 119
119 55
55 120
120 55
55 123
123 55
55 124
124 55
55 138
138 55
55 139
139 55
55 140
140 55
55 67
67 55
55 74
74 55
55 75
75 55
55 76
76 55
55 80
80 55
55 81
81 55
55 82
82 55
55 84
84 55
55 85
85 55
55 86
86 55
55 87
87 55
55 90
90 55
55 91
91 55
55 93
93 55
55 97
97 55
55 98
98 55
55 99
99 55
56 121
121 56
56 125
125 56
56 138
138 56
56 139
139 56
56 154
154 56
56 156
156 56
56 189
189 56
56 60
60 56
56 61
61 56
56 62
62 56
56 66
66 56
56 67
67 56
56 68
68 56
56 70
70 56
56 71
71 56
56 73
73 56
56 89
89 56
56 90
90 56
57 125
125 57
57 161
161 57
57 58
58 57
57 59
59 57
57 60
60 57
57 62
62 57
57 65
65 57
57 66
66 57
57 67
67 57
57 69
69 57
57 70
70 57
57 72
72 57
58 125
125 58
58 59
59 58
58 62
62 58
58 65
65 58
58 66
66 58
58 67
67 58
58 69
69 58
58 70
70 58
59 122
122 59
59 124
124 59
59 125
125 59
59 189
189 59
59 60
60 59
59 62
62 59
59 65
65 59
59 66
66 59
59 67
67 59
59 69
69 59
59 70
70 59
59 72
72 59
59 84
84 59
60 139
139 60
60 154
154 60
60 156
156 60
60 161
161 60
60 185
185 60
60 186
186 60
60 61
61 60
60 62
62 60
60 63
63 60
60 64
64 60
60 66
66 60
60 67
67 60
60 68
68 60
60 70
70 60
60 71
71 60
60 72
72 60
60 73
73 60
60 89
89 60
60 90
90 60
61 102
102 61
61 139
139 61
61 154
154 61
61 156
156 61
61 161
161 61
61 180
180 61
61 181
181 61
61 62
62 61
61 63
63 61
61 64
64 61
61 66
66 61
61 67
67 61
61 68
68 61
61 70
70 61
61 73
73 61
61 84
84 61
61 89
89 61
61 93
93 61
62 102
102 62
62 105
105 62
62 109
109 62
62 110
110 62
62 111
111 62
62 117
117 62
62 124
124 62
62 139
139 62
62 144
144 62
62 154
154 62
62 156
156 62
62 161
161 62
62 185
185 62
62 186
186 62
62 63
63 62
62 64
64 62
62 65
65 62
62 66
66 62
62 67
67 62
62 68
68 62
62 69
69 62
62 70
70 62
62 72
72 62
62 73
73 62
62 74
74 62
62 89
89 62
62 90
90 62
62 94
94 62
63 154
154 63
63 185
185 63
63 186
186 63
63 64
64 63
63 66
66 63
63 67
67 63
63 70
70 63
64 156
156 64
64 161
161 64
64 66
66 64
64 68
68 64
65 125
125 65
65 66
66 65
65 67
67 65
65 69
69 65
65 70
70 65
66 117
117 66
66 139
139 66
66 154
154 66
66 156
156 66
66 67
67 66
66 68
68 66
66 69
69 66
66 70
70 66
66 71
71 66
66 73
73 66
67 100
100 67
67 101
101 67
67 102
102 67
67 103
103 67
67 104
104 67
67 105
105 67
67 106
106 67
67 107
107 67
67 108
108 67
67 109
109 67
67 110
110 67
67 111
111 67
67 112
112 67
67 113
113 67
67 114
114 67
67 115
115 67
67 116
116 67
67 117
117 67
67 118
118 67
67 120
120 67
67 121
121 67
67 122
122 67
67 123
123 67
67 124
124 67
67 125
125 67
67 134
134 67
67 136
136 67
67 139
139 67
67 149
149 67
67 151
151 67
67 154
154 67
67 155
155 67
67 156
156 67
67 157
157 67
67 158
158 67
67 159
159 67
67 160
160 67
67 172
172 67
67 173
173 67
67 185
185 67
67 186
186 67
67 187
187 67
67 188
188 67
67 189
189 67
67 192
192 67
67 193
193 67
67 194
194 67
67 68
68 67
67 69
69 67
67 70
70 67
67 72
72 67
67 73
73 67
67 74
74 67
67 75
75 67
67 76
76 67
67 80
80 67
67 84
84 67
67 88
88 67
67 89
89 67
67 90
90 67
67 93
93 67
67 95
95 67
67 96
96 67
68 139
139 68
68 154
154 68
68 156
156 68
68 161
161 68
68 70
70 68
68 71
71 68
68 73
73 68
69 125
125 69
69 161
161 69
69 70
70 69
70 114
114 70
70 119
119 70
70 120
120 70
70 124
124 70
70 125
125 70
70 139
139 70
70 141
141 70
70 154
154 70
70 156
156 70
70 183
183 70
70 184
184 70
70 197
197 70
70 71
71 70
70 72
72 70
70 73
73 70
70 74
74 70
70 84
84 70
70 88
88 70
70 93
93 70
71 114
114 71
71 180
180 71
71 181
181 71
71 182
182 71
71 190
190 71
71 73
73 71
72 142
142 72
73 139
139 73
73 154
154 73
73 156
156 73
74 104
104 74
74 105
105 74
74 109
109 74
74 110
110 74
74 111
111 74
74 112
112 74
74 114
114 74
74 117
117 74
74 119
119 74
74 122
122 74
74 125
125 74
74 138
138 74
74 139
139 74
74 140
140 74
74 144
144 74
74 149
149 74
74 155
155 74
74 158
158 74
74 159
159 74
74 160
160 74
74 193
193 74
74 194
194 74
74 75
75 74
74 76
76 74
74 80
80 74
74 83
83 74
74 84
84 74
74 85
85 74
74 86
86 74
74 87
87 74
74 88
88 74
74 89
89 74
74 90
90 74
74 93
93 74
74 94
94 74
74 97
97 74
75 100
100 75
75 104
104 75
75 109
109 75
75 110
110 75
75 111
111 75
75 112
112 75
75 114
114 75
75 119
119 75
75 120
120 75
75 123
123 75
75 124
124 75
75 138
138 75
75 139
139 75
75 140
140 75
75 153
153 75
75 154
154 75
75 155
155 75
75 191
191 75
75 76
76 75
75 80
80 75
75 81
81 75
75 82
82 75
75 83
83 75
75 84
84 75
75 85
85 75
75 86
86 75
75 87
87 75
75 88
88 75
75 91
91 75
75 93
93 75
75 97
97 75
75 98
98 75
75 99
99 75
76 104
104 76
76 111
111 76
76 112
112 76
76 114
114 76
76 119
119 76
76 125
125 76
76 138
138 76
76 139
139 76
76 140
140 76
76 149
149 76
76 158
158 76
76 159
159 76
76 160
160 76
76 80
80 76
76 83
83 76
76 85
85 76
76 86
86 76
76 87
87 76
76 93
93 76
77 78
78 77
77 79
79 77
78 79
79 78
79 182
182 79
80 100
100 80
80 101
101 80
80 102
102 80
80 103
103 80
80 104
104 80
80 105
105 80
80 106
106 80
80 107
107 80
80 108
108 80
80 109
109 80
80 110
110 80
80 111
111 80
80 112
112 80
80 113
113 80
80 114
114 80
80 115
115 80
80 116
116 80
80 117
117 80
80 118
118 80
80 119
119 80
80 81
81 80
80 82
82 80
80 83
83 80
80 84
84 80
80 85
85 80
80 86
86 80
80 87
87 80
80 88
88 80
80 89
89 80
80 90
90 80
80 91
91 80
80 92
92 80
80 93
93 80
80 94
94 80
80 95
95 80
80 96
96 80
80 97
97 80
80 98
98 80
80 99
99 80
81 100
100 81
81 103
103 81
81 105
105 81
81 106
106 81
81 108
108 81
81 109
109 81
81 110
110 81
81 111
111 81
81 117
117 81
81 119
119 81
81 82
82 81
81 84
84 81
81 87
87 81
81 89
89 81
81 90
90 81
81 91
91 81
81 94
94 81
81 98
98 81
81 99
99 81
82 100
100 82
82 109
109 82
82 110
110 82
82 111
111 82
82 126
126 82
82 127
127 82
82 128
128 82
82 129
129 82
82 130
130 82
82 133
133 82
82 135
135 82
82 136
136 82
82 137
137 82
82 84
84 82
82 91
91 82
82 98
98 82
82 99
99 82
83 104
104 83
83 109
109 83
83 110
110 83
83 111
111 83
83 112
112 83
83 114
114 83
83 117
117 83
83 119
119 83
83 125
125 83
83 84
84 83
83 85
85 83
83 86
86 83
83 88
88 83
83 90
90 83
83 92
92 83
83 93
93 83
83 94
94 83
84 100
100 84
84 102
102 84
84 103
103 84
84 105
105 84
84 109
109 84
84 110
110 84
84 111
111 84
84 114
114 84
84 115
115 84
84 117
117 84
84 119
119 84
84 122
122 84
84 123
123 84
84 124
124 84
84 125
125 84
84 136
136 84
84 138
138 84
84 189
189 84
84 191
191 84
84 88
88 84
84 89
89 84
84 90
90 84
84 91
91 84
84 93
93 84
84 98
98 84
84 99
99 84
85 104
104 85
85 109
109 85
85 111
111 85
85 112
112 85
85 114
114 85
85 119
119 85
85 138
138 85
85 139
139 85
85 140
140 85
85 86
86 85
85 87
87 85
85 88
88 85
85 93
93 85
86 100
100 86
86 104
104 86
86 109
109 86
86 111
111 86
86 112
112 86
86 114
114 86
86 119
119 86
86 138
138 86
86 139
139 86
86 140
140 86
86 153
153 86
86 154
154 86
86 155
155 86
86 87
87 86
86 88
88 86
86 93
93 86
86 97
97 86
87 100
100 87
87 103
103 87
87 104
104 87
87 105
105 87
87 106
106 87
87 108
108 87
87 109
109 87
87 113
113 87
87 117
117 87
87 119
119 87
87 128
128 87
87 138
138 87
87 139
139 87
87 140
140 87
87 164
164 87
87 165
165 87
87 89
89 87
87 90
90 87
87 97
97 87
87 98
98 87
88 103
103 88
88 109
109 88
88 111
111 88
88 112
112 88
88 114
114 88
88 117
117 88
88 119
119 88
88 125
125 88
88 133
133 88
88 176
176 88
88 193
193 88
88 90
90 88
88 93
93 88
88 94
94 88
89 100
100 89
89 101
101 89
89 102
102 89
89 103
103 89
89 105
105 89
89 106
106 89
89 107
107 89
89 108
108 89
89 109
109 89
89 110
110 89
89 111
111 89
89 113
113 89
89 116
116 89
89 117
117 89
89 118
118 89
89 119
119 89
89 121
121 89
89 122
122 89
89 123
123 89
89 124
124 89
89 125
125 89
89 144
144 89
89 154
154 89
89 155
155 89
89 174
174 89
89 189
189 89
89 194
194 89
89 90
90 89
89 94
94 89
89 95
95 89
89 96
96 89
89 97
97 89
89 98
98 89
90 100
100 90
90 101
101 90
90 102
102 90
90 103
103 90
90 105
105 90
90 106
106 90
90 107
107 90
90 108
108 90
90 109
109 90
90 110
110 90
90 111
111 90
90 112
112 90
90 113
113 90
90 114
114 90
90 115
115 90
90 116
116 90
90 117
117 90
90 118
118 90
90 119
119 90
90 121
121 90
90 122
122 90
90 123
123 90
90 124
124 90
90 125
125 90
90 144
144 90
90 154
154 90
90 155
155 90
90 157
157 90
90 163
163 90
90 189
189 90
90 194
194 90
90 93
93 90
90 94
94 90
90 95
95 90
90 96
96 90
90 97
97 90
90 98
98 90
91 100
100 91
91 101
101 91
91 109
109 91
91 110
110 91
91 111
111 91
91 119
119 91
91 122
122 91
91 123
123 91
91 126
126 91
91 131
131 91
91 132
132 91
91 134
134 91
91 138
138 91
91 92
92 91
91 93
93 91
91 97
97 91
91 98
98 91
91 99
99 91
92 110
110 92
92 111
111 92
93 100
100 93
93 103
103 93
93 106
106 93
93 109
109 93
93 111
111 93
93 112
112 93
93 114
114 93
93 115
115 93
93 117
117 93
93 119
119 93
93 120
120 93
93 122
122 93
93 123
123 93
93 124
124 93
93 125
125 93
93 133
133 93
93 134
134 93
93 138
138 93
93 149
149 93
93 158
158 93
93 159
159 93
93 160
160 93
93 163
163 93
93 174
174 93
93 176
176 93
93 191
191 93
93 193
193 93
93 94
94 93
93 97
97 93
94 100
100 94
94 105
105 94
94 109
109 94
94 110
110 94
94 111
111 94
94 117
117 94
94 119
119 94
94 144
144 94
94 157
157 94
94 98
98 94
95 100
100 95
95 101
101 95
95 102
102 95
95 103
103 95
95 105
105 95
95 107
107 95
95 113
113 95
95 116
116 95
95 117
117 95
95 118
118 95
95 122
122 95
95 123
123 95
95 155
155 95
95 194
194 95
95 96
96 95
95 97
97 95
96 100
100 96
96 101
101 96
96 102
102 96
96 105
105 96
96 107
107 96
96 113
113 96
96 116
116 96
96 117
117 96
96 118
118 96
96 122
122 96
96 123
123 96
96 155
155 96
96 194
194 96
96 97
97 96
97 101
101 97
97 102
102 97
97 107
107 97
97 112
112 97
97 116
116 97
97 117
117 97
97 118
118 97
97 119
119 97
97 122
122 97
97 123
123 97
97 126
126 97
97 127
127 97
97 128
128 97
97 131
131 97
97 132
132 97
97 134
134 97
97 140
140 97
97 153
153 97
97 164
164 97
97 165
165 97
98 100
100 98
98 103
103 98
98 105
105 98
98 106
106 98
98 108
108 98
98 109
109 98
98 110
110 98
98 111
111 98
98 117
117 98
98 119
119 98
98 99
99 98
99 100
100 99
99 109
109 99
99 110
110 99
99 111
111 99
100 102
102 100
100 103
103 100
100 105
105 100
100 106
106 100
100 107
107 100
100 108
108 100
100 109
109 100
100 110
110 100
100 111
111 100
100 116
116 100
100 117
117 100
100 118
118 100
100 119
119 100
100 124
124 100
100 138
138 100
100 139
139 100
100 153
153 100
100 154
154 100
100 155
155 100
101 102
102 101
101 107
107 101
101 116
116 101
101 117
117 101
101 118
118 101
101 121
121 101
101 122
122 101
101 123
123 101
101 126
126 101
101 128
128 101
101 131
131 101
101 132
132 101
101 133
133 101
101 134
134 101
101 137
137 101
101 149
149 101
101 150
150 101
101 152
152 101
101 159
159 101
101 164
164 101
101 165
165 101
101 166
166 101
101 167
167 101
101 168
168 101
101 169
169 101
101 170
170 101
101 171
171 101
101 172
172 101
101 173
173 101
101 174
174 101
101 187
187 101
101 188
188 101
101 189
189 101
102 105
105 102
102 107
107 102
102 108
108 102
102 113
113 102
102 116
116 102
102 117
117 102
102 118
118 102
102 122
122 102
102 123
123 102
102 124
124 102
102 155
155 102
102 194
194 102
103 105
105 103
103 106
106 103
103 108
108 103
103 109
109 103
103 111
111 103
103 114
114 103
103 115
115 103
103 117
117 103
103 119
119 103
103 120
120 103
103 124
124 103
103 125
125 103
104 112
112 104
104 119
119 104
104 122
122 104
104 138
138 104
104 139
139 104
104 140
140 104
104 155
155 104
104 193
193 104
104 194
194 104
105 106
106 105
105 107
107 105
105 108
108 105
105 109
109 105
105 110
110 105
105 111
111 105
105 113
113 105
105 115
115 105
105 116
116 105
105 117
117 105
105 118
118 105
105 119
119 105
105 144
144 105
106 108
108 106
106 109
109 106
106 117
117 106
106 119
119 106
106 120
120 106
106 124
124 106
106 125
125 106
107 108
108 107
107 113
113 107
107 116
116 107
107 117
117 107
107 118
118 107
107 122
122 107
107 123
123 107
107 155
155 107
107 194
194 107
108 109
109 108
108 113
113 108
108 115
115 108
108 116
116 108
108 117
117 108
108 118
118 108
108 119
119 108
109 110
110 109
109 111
111 109
109 112
112 109
109 114
114 109
109 117
117 109
109 119
119 109
109 120
120 109
109 123
123 109
109 124
124 109
109 125
125 109
109 134
134 109
109 139
139 109
109 144
144 109
109 153
153 109
109 154
154 109
109 155
155 109
109 157
157 109
109 159
159 109
109 187
187 109
109 192
192 109
109 193
193 109
110 111
111 110
110 117
117 110
110 124
124 110
110 144
144 110
111 112
112 111
111 114
114 111
111 117
117 111
111 119
119 111
111 124
124 111
111 125
125 111
111 144
144 111
111 149
149 111
111 158
158 111
111 159
159 111
111 160
160 111
112 114
114 112
112 117
117 112
112 119
119 112
112 121
121 112
112 122
122 112
112 125
125 112
112 138
138 112
112 140
140 112
112 149
149 112
112 155
155 112
112 158
158 112
112 159
159 112
112 160
160 112
112 171
171 112
112 172
172 112
112 173
173 112
112 174
174 112
112 193
193 112
112 194
194 112
113 116
116 113
113 117
117 113
113 118
118 113
113 122
122 113
113 123
123 113
113 155
155 113
113 174
174 113
113 194
194 113
114 117
117 114
114 119
119 114
114 125
125 114
114 149
149 114
114 158
158 114
114 159
159 114
114 160
160 114
115 117
117 115
115 124
124 115
115 198
198 115
116 117
117 116
116 118
118 116
116 122
122 116
116 123
123 116
116 155
155 116
116 194
194 116
117 118
118 117
117 119
119 117
117 122
122 117
117 123
123 117
117 125
125 117
117 144
144 117
117 155
155 117
117 163
163 117
117 194
194 117
118 122
122 118
118 123
123 118
118 124
124 118
118 155
155 118
118 194
194 118
119 133
133 119
119 138
138 119
119 139
139 119
119 140
140 119
119 176
176 119
119 193
193 119
120 122
122 120
120 123
123 120
120 124
124 120
120 125
125 120
121 125
125 121
121 128
128 121
121 133
133 121
121 135
135 121
121 137
137 121
121 149
149 121
121 150
150 121
121 152
152 121
121 153
153 121
121 154
154 121
121 160
160 121
121 164
164 121
121 165
165 121
121 166
166 121
121 167
167 121
121 168
168 121
121 169
169 121
121 170
170 121
121 171
171 121
121 172
172 121
121 173
173 121
121 174
174 121
121 189
189 121
122 123
123 122
122 124
124 122
122 125
125 122
122 126
126 122
122 131
131 122
122 132
132 122
122 134
134 122
122 155
155 122
122 159
159 122
122 187
187 122
122 188
188 122
122 189
189 122
122 193
193 122
122 194
194 122
123 124
124 123
123 125
125 123
123 126
126 123
123 131
131 123
123 132
132 123
123 134
134 123
123 155
155 123
123 159
159 123
123 187
187 123
123 188
188 123
123 189
189 123
123 194
194 123
124 125
125 124
124 189
189 124
125 149
149 125
125 154
154 125
125 158
158 125
125 159
159 125
125 160
160 125
125 187
187 125
125 189
189 125
126 127
127 126
126 128
128 126
126 129
129 126
126 130
130 126
126 131
131 126
126 132
132 126
126 133
133 126
126 134
134 126
126 135
135 126
126 136
136 126
126 137
137 126
127 128
128 127
127 129
129 127
127 130
130 127
127 133
133 127
127 135
135 127
127 136
136 127
127 137
137 127
128 129
129 128
128 130
130 128
128 133
133 128
128 135
135 128
128 136
136 128
128 137
137 128
128 140
140 128
128 148
148 128
128 149
149 128
128 150
150 128
128 152
152 128
128 164
164 128
128 165
165 128
128 166
166 128
128 167
167 128
128 168
168 128
128 169
169 128
128 170
170 128
128 171
171 128
128 172
172 128
128 173
173 128
128 174
174 128
129 130
130 129
129 131
131 129
129 133
133 129
129 135
135 129
129 136
136 129
129 137
137 129
129 148
148 129
129 149
149 129
129 166
166 129
129 167
167 129
129 168
168 129
129 170
170 129
129 175
175 129
129 176
176 129
130 133
133 130
130 135
135 130
130 136
136 130
130 137
137 130
130 148
148 130
130 157
157 130
130 183
183 130
130 184
184 130
131 132
132 131
131 133
133 131
131 134
134 131
131 137
137 131
131 148
148 131
131 166
166 131
131 167
167 131
131 175
175 131
131 176
176 131
131 183
183 131
131 184
184 131
132 134
134 132
132 137
137 132
132 141
141 132
132 155
155 132
133 135
135 133
133 136
136 133
133 137
137 133
133 148
148 133
133 149
149 133
133 150
150 133
133 152
152 133
133 164
164 133
133 165
165 133
133 166
166 133
133 167
167 133
133 168
168 133
133 169
169 133
133 170
170 133
133 171
171 133
133 172
172 133
133 173
173 133
133 174
174 133
133 175
175 133
133 176
176 133
133 177
177 133
133 178
178 133
133 179
179 133
133 193
193 133
134 157
157 134
134 192
192 134
135 136
136 135
135 137
137 135
135 148
148 135
135 153
153 135
135 168
168 135
135 171
171 135
135 172
172 135
135 173
173 135
136 137
137 136
136 150
150 136
136 159
159 136
136 165
165 136
136 169
169 136
136 179
179 136
136 187
187 136
136 192
192 136
137 148
148 137
137 149
149 137
137 150
150 137
137 152
152 137
137 153
153 137
137 155
155 137
137 164
164 137
137 165
165 137
137 166
166 137
137 167
167 137
137 168
168 137
137 169
169 137
137 170
170 137
137 171
171 137
137 172
172 137
137 173
173 137
137 174
174 137
137 175
175 137
137 176
176 137
138 139
139 138
138 140
140 138
139 140
140 139
139 153
153 139
139 154
154 139
139 155
155 139
139 156
156 139
140 164
164 140
140 165
165 140
141 142
142 141
141 143
143 141
142 143
143 142
145 146
146 145
145 147
147 145
145 148
148 145
145 149
149 145
145 150
150 145
146 147
147 146
146 148
148 146
146 149
149 146
146 150
150 146
147 148
148 147
147 149
149 147
147 150
150 147
148 149
149 148
148 150
150 148
148 166
166 148
148 167
167 148
148 168
168 148
148 170
170 148
148 175
175 148
148 176
176 148
149 150
150 149
149 152
152 149
149 158
158 149
149 159
159 149
149 160
160 149
149 164
164 149
149 165
165 149
149 166
166 149
149 167
167 149
149 168
168 149
149 169
169 149
149 170
170 149
149 171
171 149
149 172
172 149
149 173
173 149
149 174
174 149
150 152
152 150
150 164
164 150
150 165
165 150
150 166
166 150
150 167
167 150
150 168
168 150
150 169
169 150
150 170
170 150
150 171
171 150
150 172
172 150
150 173
173 150
150 174
174 150
150 179
179 150
150 192
192 150
151 152
152 151
152 164
164 152
152 165
165 152
152 166
166 152
152 167
167 152
152 168
168 152
152 169
169 152
152 170
170 152
152 171
171 152
152 172
172 152
152 173
173 152
152 174
174 152
153 154
154 153
153 155
155 153
153 164
164 153
153 165
165 153
153 168
168 153
153 171
171 153
153 172
172 153
153 173
173 153
153 177
177 153
153 178
178 153
154 155
155 154
154 156
156 154
154 185
185 154
154 186
186 154
154 189
189 154
154 191
191 154
155 160
160 155
155 164
164 155
155 165
165 155
155 177
177 155
155 178
178 155
155 193
193 155
155 194
194 155
156 161
161 156
158 159
159 158
158 160
160 158
159 160
160 159
159 187
187 159
159 188
188 159
159 189
189 159
160 173
173 160
162 163
163 162
164 165
165 164
164 166
166 164
164 167
167 164
164 168
168 164
164 169
169 164
164 170
170 164
164 171
171 164
164 172
172 164
164 173
173 164
164 174
174 164
164 179
179 164
164 192
192 164
165 166
166 165
165 167
167 165
165 168
168 165
165 169
169 165
165 170
170 165
165 171
171 165
165 172
172 165
165 173
173 165
165 174
174 165
165 179
179 165
165 192
192 165
166 167
167 166
166 168
168 166
166 169
169 166
166 170
170 166
166 171
171 166
166 172
172 166
166 173
173 166
166 174
174 166
166 175
175 166
166 176
176 166
167 168
168 167
167 169
169 167
167 170
170 167
167 171
171 167
167 172
172 167
167 173
173 167
167 174
174 167
167 175
175 167
167 176
176 167
168 169
169 168
168 170
170 168
168 171
171 168
168 172
172 168
168 173
173 168
168 174
174 168
168 177
177 168
168 178
178 168
168 179
179 168
169 170
170 169
169 171
171 169
169 172
172 169
169 173
173 169
169 174
174 169
169 179
179 169
169 192
192 169
170 171
171 170
170 172
172 170
170 173
173 170
170 174
174 170
171 172
172 171
171 173
173 171
171 174
174 171
172 173
173 172
172 174
174 172
173 174
174 173
175 176
176 175
175 195
195 175
176 193
193 176
177 178
178 177
177 179
179 177
178 179
179 178
179 192
192 179
180 181
181 180
180 182
182 180
181 182
182 181
182 190
190 182
183 184
184 183
185 186
186 185
187 188
188 187
187 189
189 187
188 189
189 188
193 194
194 193
